set type 3  charge 0.75
set type 23 charge 0.75
set type 5  charge 0.75
set type 25 charge 0.75
set type 16 charge 0.375
set type 36 charge 0.375
set type 7  charge -0.75
set type 27 charge -0.75
set type 8  charge -0.75
set type 28 charge -0.75

angle_style		gaussian
angle_coeff		1	300	3	0.0054142	0.17434	93.8279	0.0034325	0.24389	134.7655	0.0086066	0.39066	110.3556	
angle_coeff		2	300	3	0.0033067	0.22008	137.1403	0.0034197	0.1603	93.8348	0.010727	0.39004	110.4848	
angle_coeff		3	300	3	0.0087942	0.32906	110.0563	0.0033132	0.1064	107.7287	0.0053458	0.28033	130.2584	
angle_coeff		4	300	3	0.0058929	0.16334	92.7085	0.0029188	0.25354	134.853	0.0086416	0.38643	109.1098	
angle_coeff		5	300	3	0.0093614	0.37988	110.5498	0.0048126	0.15942	93.3818	0.0032793	0.25465	136.0764	
angle_coeff		6	300	3	0.0058991	0.13682	109.1309	0.0095312	0.40052	115.0195	0.002023	0.16614	134.2907	
angle_coeff		7	300	3	0.004252	0.15966	92.1408	0.0027168	0.21322	137.5932	0.010485	0.41211	113	
angle_coeff		8	300	3	0.0027776	0.13653	92.3589	0.011701	0.40967	113.1571	0.0029748	0.21706	138.2865	
angle_coeff		9	300	3	0.01162	0.39715	115.1528	0.0012353	0.14906	136.3862	0.0045977	0.13807	110.484	
angle_coeff		10	300	3	0.0033652	0.20761	135.5119	0.0080637	0.39254	116.6075	0.0060244	0.19951	94.2465	
angle_coeff		11	300	3	0.003273	0.19844	135.7375	0.011147	0.39029	116.3196	0.0030332	0.17583	92.8082	
angle_coeff		12	300	3	0.014049	0.3827	117.0777	0.0017246	0.1502	132.7517	0.00168	0.18296	114.022	
angle_coeff		13	300	3	0.0083774	0.40705	114.2607	0.0015179	0.17418	139.7575	0.007558	0.14846	91.2888	
angle_coeff		14	300	3	0.0027128	0.16147	140.9244	0.0053611	0.14708	92.0458	0.0093795	0.41126	113.366	
angle_coeff		15	300	3	0.0023412	0.21494	97.8956	0.0047945	0.29212	132.0087	0.010318	0.20378	113.9433	
angle_coeff		16	300	3	0.0015495	0.24032	134.4524	0.0072553	0.14728	91.4175	0.0086485	0.42967	110.6521	
angle_coeff		17	300	3	0.0020445	0.20272	137.4169	0.0046413	0.1416	92.0312	0.010768	0.4216	111.0716	
angle_coeff		18	300	3	0.0077584	0.19772	111.4396	0.0077583	0.32519	125.6444	0.0019366	0.19291	96.9753	
angle_coeff		19	300	3	0.0088115	0.42727	110.9848	0.0066181	0.15121	91.5488	0.0020237	0.24577	133.8451	
angle_coeff		20	300	3	0.0021525	0.19864	136.7572	0.0043833	0.14003	92.228	0.010917	0.41489	112.4776	
angle_coeff		21	300	3	0.013379	0.40176	114.1391	0.002277	0.19487	132.9294	0.0017973	0.15739	113.2662	
angle_coeff		22	300	3	0.0022308	0.23286	135.9387	0.0063073	0.162	92.274	0.0089151	0.41588	112.7449	
angle_coeff		23	300	3	0.0038586	0.14954	92.6072	0.0022669	0.19648	138.6771	0.011328	0.41745	111.9956	
angle_coeff		24	300	3	0.0059738	0.17851	111.4348	0.0030843	0.25036	100.2503	0.0083952	0.32429	126.0802	
angle_coeff		25	300	3	0.0015017	0.24813	131.2153	0.0063901	0.16015	92.3484	0.0095615	0.42101	111.7752	
angle_coeff		26	300	3	0.0020317	0.2478	132.7842	0.012293	0.36682	108.6844	0.0031284	0.14196	92.1559	
angle_coeff		27	300	3	0.0090143	0.31881	124.3514	0.0025761	0.23767	99.4542	0.0058629	0.19919	113.3903	
angle_coeff		28	300	3	0.0018595	0.15802	140.1762	0.0087319	0.37672	118.9313	0.006862	0.16886	92.0525	
angle_coeff		29	300	3	0.0026661	0.16527	140.7103	0.0049275	0.15539	92.0819	0.0098597	0.38239	117.8061	
angle_coeff		30	300	3	0.0018364	0.25501	98.994	0.0046483	0.26134	133.2998	0.010969	0.21751	115.6323	
angle_coeff		31	300	3	0.0083338	0.3608	106.782	0.0026908	0.31071	131.2052	0.0064287	0.14656	91.9437	
angle_coeff		32	300	3	0.001547	0.23262	137.442	0.0061989	0.14406	93.4482	0.0097075	0.37126	108.6496	
angle_coeff		33	300	3	0.00094588	0.26336	133.6843	0.0049323	0.14223	108.3481	0.011575	0.35262	111.5159	
angle_coeff		34	300	3	0.0029126	0.161	91.9456	0.0016089	0.18684	133.913	0.012932	0.41072	112.7847	
angle_coeff		35	300	3	0.0029081	0.20398	93.1083	0.010236	0.25784	110.3741	0.0043095	0.27333	128.393	
angle_coeff		36	300	3	0.00169	0.23881	98.9978	0.0099902	0.20147	111.1327	0.0057731	0.26553	126.9664	
angle_coeff		37	300	3	0.005207	0.37246	118.5892	0.0084947	0.17389	94.5596	0.0037517	0.25076	139.3611	
angle_coeff		38	300	3	0.004547	0.38017	118.6753	0.0033541	0.23262	141.7636	0.0095522	0.15049	94.7091	
angle_coeff		39	300	4	0.0088354	0.22983	127.3965	0.0051152	0.21458	142.8376	0.00051839	0.087862	166.3267	0.0029842	0.32665	106.1309	
angle_coeff		40	300	3	0.0094433	0.22579	116.0515	0.0024095	0.4647	108.1416	0.0056005	0.14872	91.9892	
angle_coeff		41	300	3	0.0020887	0.4556	109.5396	0.01163	0.20766	115.6838	0.0037348	0.15668	92.8824	
angle_coeff		42	300	3	0.00099801	0.29995	134.395	0.0029083	0.29398	99.4461	0.013547	0.19219	116.2887	
angle_coeff		43	300	3	0.0086517	0.41972	112.2099	0.0026099	0.20687	136.8681	0.0061917	0.16107	93.1006	
angle_coeff		44	300	3	0.0095265	0.39349	111.9839	0.0033742	0.20499	138.3029	0.0045525	0.16581	93.8746	
angle_coeff		45	300	3	0.0065074	0.30662	128.7429	0.0029354	0.12345	108.4602	0.0080105	0.30972	108.2157	
angle_coeff		46	300	3	0.0072287	0.15602	92.6568	0.007846	0.41919	110.2838	0.0023786	0.23069	136.9319	
angle_coeff		47	300	3	0.0084641	0.39747	110.2207	0.0062062	0.14394	93.4741	0.002783	0.23532	137.7565	
angle_coeff		48	300	3	0.0089472	0.40068	115.1234	0.0063909	0.13567	109.2867	0.0021153	0.1668	134.1133	
angle_coeff		49	300	3	0.0092422	0.4061	114.2053	0.0055579	0.16215	92.4458	0.0026532	0.20443	138.4668	
angle_coeff		50	300	3	0.010278	0.41085	113.2394	0.0033255	0.20917	139.1801	0.0038495	0.13554	92.1819	
angle_coeff		51	300	3	0.010733	0.38985	116.4637	0.0054523	0.18832	110.201	0.0012675	0.13931	137.3295	
angle_coeff		52	300	3	0.0035478	0.21537	134.8372	0.007379	0.41404	113.4347	0.0065265	0.17493	93.4922	
angle_coeff		53	300	3	0.0040714	0.20883	134.7198	0.0037339	0.15913	92.5603	0.009648	0.40766	113.8726	
angle_coeff		54	300	3	0.013671	0.38772	116.3294	0.0012024	0.10185	108.5918	0.0025803	0.1679	133.3142	
angle_coeff		55	300	3	0.0085617	0.13928	91.2868	0.0013003	0.1693	140.05	0.0075913	0.41235	113.6377	
angle_coeff		56	300	3	0.0084957	0.40714	114.2164	0.0023923	0.16548	141.0017	0.0065653	0.14989	92.2061	
angle_coeff		57	300	3	0.0045167	0.26124	133.1385	0.0023783	0.22349	98.966	0.010558	0.20381	114.1793	
angle_coeff		58	300	3	0.0011244	0.22832	135.4459	0.0089797	0.13788	91.3662	0.0073492	0.43553	110.1001	
angle_coeff		59	300	3	0.0091889	0.42631	111.0487	0.0066266	0.139	92.051	0.0016379	0.19673	137.0172	
angle_coeff		60	300	3	0.00086611	0.2943	135.4271	0.0014744	0.14644	133.9979	0.015113	0.37035	112.6632	
angle_coeff		61	300	3	0.0082232	0.14953	91.9105	0.0074095	0.43143	110.7152	0.0018206	0.24557	134.21	
angle_coeff		62	300	3	0.0021594	0.20293	137.0798	0.0093854	0.42041	111.9287	0.0059085	0.14653	92.7029	
angle_coeff		63	300	3	0.0066618	0.28524	128.616	0.0075017	0.20516	112.6982	0.0032898	0.24568	101.2718	
angle_coeff		64	300	3	0.0083337	0.41404	113.1776	0.0019962	0.21135	136.2288	0.0071234	0.15246	92.0465	
angle_coeff		65	300	3	0.010131	0.4145	111.8744	0.0047871	0.14094	92.4595	0.0025353	0.18918	137.9669	
angle_coeff		66	300	3	0.0056059	0.17506	112.0182	0.0042871	0.25519	102.2603	0.0075603	0.31365	127.3155	
angle_coeff		67	300	3	0.0068453	0.14666	92.2091	0.0054581	0.35812	104.9721	0.0051499	0.34655	123.3443	
angle_coeff		68	300	3	0.0048863	0.15452	92.8409	0.010917	0.40072	110.883	0.0016496	0.23628	133.6156	
angle_coeff		69	300	3	0.014593	0.37052	118.9501	0.00083618	0.1403	95.464	0.0020241	0.1645	111.5657	
angle_coeff		70	300	3	0.002091	0.16819	139.6598	0.0073547	0.39059	117.0956	0.0080077	0.15608	91.8719	
angle_coeff		71	300	3	0.0064692	0.15249	92.2716	0.008163	0.38849	117.2163	0.0028211	0.17062	140.4461	
angle_coeff		72	300	3	0.01289	0.38678	116.5935	0.0022079	0.13031	114.5541	0.002355	0.15302	137.3215	
angle_coeff		73	300	3	0.0016288	0.27283	134.4938	0.0072653	0.38458	107.3493	0.0085592	0.14515	92.2808	
angle_coeff		74	300	3	0.0080085	0.14452	93.4602	0.007904	0.37419	107.646	0.0015408	0.26054	136.048	
angle_coeff		75	300	3	0.00057191	0.15041	137.3381	0.0099816	0.40302	112.8168	0.0068998	0.16527	108.6872	
angle_coeff		76	300	3	0.0039465	0.15317	91.9012	0.011957	0.40996	113.0677	0.0015496	0.18446	133.856	
angle_coeff		77	300	3	0.014003	0.40766	112.7729	0.0016841	0.19476	133.1196	0.0017667	0.13929	91.1308	
angle_coeff		78	300	3	0.0012281	0.14019	131.9587	0.0042284	0.16429	109.6238	0.011997	0.39087	114.8828	
angle_coeff		79	300	3	0.0046372	0.42246	109.4618	0.0087949	0.13706	93.9896	0.0040212	0.27006	136.5583	
angle_coeff		80	300	3	0.0042318	0.38648	118.3079	0.010059	0.14445	94.8125	0.0031622	0.22877	141.8374	
angle_coeff		81	300	4	0.0080367	0.21056	126.8612	0.0027601	0.33222	106.5913	0.00053997	0.094159	165.3868	0.0061165	0.21547	141.909	
angle_coeff		82	300	3	0.006405	0.21434	116.7805	0.0034166	0.45573	106.909	0.0076316	0.123	91.4275	
angle_coeff		83	300	3	0.0050157	0.12742	92.0195	0.0035868	0.45227	108.3309	0.0088508	0.19241	116.8493	
angle_coeff		84	300	3	0.013348	0.19097	117.0409	0.0030536	0.29026	99.2293	0.0010521	0.29434	135.1575	
angle_coeff		85	300	3	0.0033798	0.24055	135.4191	0.0054757	0.15907	91.808	0.0085978	0.40097	111.1794	
angle_coeff		86	300	3	0.011057	0.41192	112.7871	0.0027092	0.18889	139.2298	0.0036875	0.15965	93.2589	
angle_coeff		87	300	3	0.0086508	0.25554	108.3464	0.0080801	0.29492	127.5198	0.00072242	0.078662	92.793	
angle_coeff		88	300	3	0.0066839	0.16945	91.6587	0.0077112	0.4242	111.758	0.0030581	0.20437	137.2997	
angle_coeff		89	300	3	0.0062689	0.22544	135.9692	0.0072817	0.37018	109.9057	0.0039027	0.14661	92.2057	
angle_coeff		90	300	3	0.0060053	0.12606	108.4018	0.0023879	0.15528	133.733	0.00906	0.40942	113.7271	
angle_coeff		91	300	3	0.010051	0.41788	112.1493	0.003104	0.24249	136.4368	0.0042984	0.15001	91.2387	
angle_coeff		92	300	3	0.0036562	0.11344	92.0984	0.010555	0.37322	111.4046	0.003242	0.22142	138.4598	
angle_coeff		93	300	3	0.0042136	0.14547	109.8722	0.001335	0.13218	138.3808	0.011905	0.37354	116.6767	
angle_coeff		94	300	3	0.006841	0.38508	107.8229	0.0051134	0.14637	90.8816	0.0054989	0.26739	132.3121	
angle_coeff		95	300	3	0.0046557	0.22464	134.1963	0.0039633	0.15887	92.5778	0.0088342	0.39596	115.8894	
angle_coeff		96	300	3	0.0071908	0.19472	110.8905	0.0091818	0.26437	126.9634	0.0010808	0.17173	94.6722	
angle_coeff		97	300	3	0.0081643	0.14268	90.1803	0.0016783	0.17612	140.6392	0.0076106	0.40543	114.7109	
angle_coeff		98	300	3	0.0039404	0.14199	143.6868	0.0084205	0.39701	115.8209	0.0050923	0.15028	91.4816	
angle_coeff		99	300	3	0.0116	0.22855	114.8777	0.0040506	0.20824	135.3127	0.0018022	0.17491	95.623	
angle_coeff		100	300	3	0.0016312	0.21429	135.4366	0.0074344	0.43023	110.8998	0.0083877	0.13182	89.9789	
angle_coeff		101	300	3	0.0047917	0.15171	90.999	0.002918	0.17563	137.5285	0.0097437	0.39332	112.78	
angle_coeff		102	300	3	0.014417	0.3751	113.8013	0.0022103	0.15869	133.8362	0.00082603	0.087077	94.3196	
angle_coeff		103	300	3	0.0072551	0.13905	90.1509	0.0070725	0.3924	108.2648	0.0031258	0.28808	131.8187	
angle_coeff		104	300	3	0.0028018	0.19006	137.7752	0.0040686	0.14753	91.5542	0.010583	0.40342	112.4314	
angle_coeff		105	300	3	0.01381	0.37564	113.6573	0.00092506	0.29793	134.7041	0.0027186	0.18486	133.1029	
angle_coeff		106	300	3	0.0021276	0.21981	136.4808	0.008722	0.4139	113.1022	0.0066037	0.1465	90.5419	
angle_coeff		107	300	3	0.0089703	0.31454	111.9762	0.0035922	0.23033	134.8123	0.0048908	0.16468	91.7604	
angle_coeff		108	300	3	0.0031161	0.20196	135.0327	0.01356	0.3787	113.1682	0.000777	0.054861	111.2336	
angle_coeff		109	300	3	0.0087129	0.3849	117.6509	0.0032853	0.097068	88.9643	0.0054551	0.20545	94.0965	
angle_coeff		110	300	3	0.004396	0.15333	92.3525	0.011778	0.3718	109.6738	0.0012788	0.22878	134.1603	
angle_coeff		111	300	3	0.0061448	0.37654	115.0394	0.010695	0.3663	120.0323	0.00061332	0.1001	94.2536	
angle_coeff		112	300	3	0.0073412	0.15966	90.9885	0.0026549	0.17416	139.4165	0.0074571	0.38644	117.7151	
angle_coeff		113	300	3	0.003538	0.16416	140.3739	0.0084659	0.38234	118.1084	0.0054494	0.15797	91.521	
angle_coeff		114	300	3	0.010196	0.21622	115.3985	0.0013149	0.25281	96.9244	0.0059421	0.25823	133.6412	
angle_coeff		115	300	3	0.0074668	0.36885	106.3508	0.0026861	0.30783	131.6452	0.0073004	0.134	90.4288	
angle_coeff		116	300	3	0.0020552	0.21921	137.1127	0.0085123	0.37862	110.3056	0.0068859	0.15691	92.2501	
angle_coeff		117	300	3	0.00086607	0.18593	136.5926	0.012094	0.35092	112.2658	0.0044932	0.12367	107.793	
angle_coeff		118	300	3	0.0039518	0.12705	89.4859	0.0012596	0.182	134.1716	0.012242	0.41273	112.2776	
angle_coeff		119	300	3	0.0021536	0.20732	133.0673	0.011899	0.29275	112.3266	0.0034002	0.18888	92.429	
angle_coeff		120	300	3	0.0080823	0.30292	124.676	0.0025544	0.24399	99.9461	0.0068166	0.1644	110.409	
angle_coeff		121	300	3	0.0044455	0.39442	115.1943	0.0089912	0.15708	91.8684	0.0040165	0.25516	138.6498	
angle_coeff		122	300	3	0.0046127	0.36604	121.6366	0.0036446	0.21161	143.4386	0.0091959	0.16639	92.8658	
angle_coeff		123	300	4	0.0020278	0.29938	102.0693	0.0086654	0.22507	127.3883	0.00049653	0.091808	165.7049	0.0062636	0.2239	141.6895	
angle_coeff		124	300	3	0.0085959	0.24644	116.2937	0.0039318	0.07915	87.849	0.0049256	0.17608	91.576	
angle_coeff		125	300	3	0.0036401	0.13613	90.7457	0.0036919	0.4026	110.5239	0.010121	0.1819	116.2977	
angle_coeff		126	300	3	0.0098677	0.18544	116.2539	0.0016732	0.15193	93.5996	0.0059123	0.38461	118.4578	
angle_coeff		127	300	3	0.0098539	0.3811	118.011	0.0046139	0.17375	93.2622	0.0029855	0.16975	139.0691	
angle_coeff		128	300	3	0.004721	0.18883	138.8835	0.0035139	0.17556	93.3843	0.0092184	0.38239	117.9351	
angle_coeff		129	300	3	0.0006313	0.28543	98.8211	0.0087339	0.31847	128.1022	0.008088	0.24072	110.5704	
angle_coeff		130	300	3	0.002396	0.18508	137.9746	0.0092585	0.38752	117.1213	0.0057988	0.18825	93.6253	
angle_coeff		131	300	3	0.0050643	0.17881	94.8274	0.0094933	0.37467	119.0956	0.0028957	0.1676	138.5898	
angle_coeff		132	300	3	0.0074323	0.17478	110.6613	0.0019867	0.34251	106.1575	0.0080343	0.34168	124.5866	
angle_coeff		133	300	3	0.0023766	0.17733	138.9559	0.0052619	0.18709	93.9717	0.0098148	0.37411	119.1209	
angle_coeff		134	300	3	0.010058	0.34928	122.9974	0.0018557	0.14853	140.7202	0.0055394	0.2194	95.5957	
angle_coeff		135	300	3	0.00085196	0.22123	88.3526	0.01135	0.23242	112.5901	0.0052514	0.30213	131.46	
angle_coeff		136	300	3	0.0054484	0.19554	94.1251	0.0029052	0.18397	136.1972	0.0090998	0.37852	118.5681	
angle_coeff		137	300	3	0.011239	0.37077	119.3922	0.0035478	0.18815	135.4993	0.0026666	0.1825	93.2293	
angle_coeff		138	300	3	0.0020734	0.46249	108.691	0.0076994	0.30703	126.7608	0.0076805	0.19396	111.9655	
angle_coeff		139	300	3	0.0066488	0.17174	92.6155	0.0021612	0.20641	138.1886	0.0086433	0.27733	117.1418	
angle_coeff		140	300	3	0.0087022	0.2637	118.3296	0.0053762	0.18153	93.4965	0.0033749	0.17676	139.276	
angle_coeff		141	300	3	0.0049684	0.30565	131.0025	0.0044905	0.33763	105.6357	0.0079944	0.17338	116.2593	
angle_coeff		142	300	3	0.0064893	0.17169	92.6999	0.00083801	0.1556	138.3852	0.010126	0.3741	119.0636	
angle_coeff		143	300	3	0.00435	0.22496	134.5542	0.0046073	0.19389	93.5965	0.0084959	0.24931	117.7412	
angle_coeff		144	300	3	0.0095041	0.23548	116.5004	0.0039363	0.44729	109.7168	0.0040129	0.24504	132.406	
angle_coeff		145	300	3	0.0054644	0.31069	128.9675	0.0050799	0.15989	92.7371	0.006909	0.4162	111.7987	
angle_coeff		146	300	3	0.0045699	0.19701	94.3939	0.0084609	0.2912	118.0818	0.0044225	0.22059	135.1694	
angle_coeff		147	300	3	0.0052971	0.2344	130.3763	0.0048228	0.20189	115.6226	0.0073333	0.40612	114.6797	
angle_coeff		148	300	3	0.0055788	0.17114	92.8371	0.0018869	0.17849	137.5367	0.0099875	0.37771	118.5195	
angle_coeff		149	300	3	0.008072	0.2975	117.8449	0.0052584	0.19505	93.9797	0.0041229	0.20346	137.1364	
angle_coeff		150	300	3	0.010825	0.34933	122.8592	0.0030124	0.17619	112.6035	0.0036161	0.30743	102.638	
angle_coeff		151	300	3	0.0090939	0.34141	122.5908	0.0047691	0.15718	92.7739	0.0035903	0.33857	102.5903	
angle_coeff		152	300	3	0.0070592	0.20393	94.4204	0.0058213	0.2709	128.6425	0.0045728	0.2117	113.3269	
angle_coeff		153	300	3	0.01004	0.4014	114.7751	0.0056049	0.27539	125.3361	0.0018081	0.1368	116.6208	
angle_coeff		154	300	3	0.0065182	0.17887	93.145	0.0088375	0.36329	121.0204	0.0020976	0.14366	140.7038	
angle_coeff		155	300	3	0.0046096	0.18718	93.7272	0.0099053	0.35345	122.0293	0.0029384	0.1471	140.9408	
angle_coeff		156	300	3	0.0046216	0.2284	134.4837	0.0076388	0.2026	117.4127	0.0051929	0.42901	111.8806	
angle_coeff		157	300	3	0.009487	0.40318	114.6114	0.0070388	0.16447	93.0314	0.00092745	0.16772	138.8437	
angle_coeff		158	300	3	0.00075029	0.12745	140.5174	0.0052083	0.16698	93.4211	0.011495	0.39031	116.2561	
angle_coeff		159	300	3	0.0069261	0.19082	110.0236	0.0043023	0.4273	110.5122	0.006225	0.36486	120.5013	
angle_coeff		160	300	3	0.0033798	0.21306	132.626	0.010198	0.28275	114.9106	0.0038755	0.18338	92.9187	
angle_coeff		161	300	3	0.0031033	0.19504	92.5888	0.0031872	0.20171	133.4091	0.011163	0.32942	117.3963	
angle_coeff		162	300	3	0.0093777	0.37018	119.8257	0.0074545	0.15646	110.912	0.00062113	0.15885	96.6812	
angle_coeff		163	300	3	0.0067631	0.34166	123.3166	0.0069827	0.18884	94.8282	0.0037074	0.25095	139.2438	
angle_coeff		164	300	3	0.0075396	0.33957	125.0128	0.0065189	0.18756	95.3423	0.0033948	0.20249	142.8741	
angle_coeff		165	300	4	0.0086645	0.20161	126.5087	0.0028029	0.38271	108.6732	0.0054893	0.21867	141.1188	0.00049659	0.088873	166.2271	
angle_coeff		166	300	3	0.0062574	0.21519	119.3825	0.0041507	0.44456	104.5392	0.0070452	0.1359	92.1486	
angle_coeff		167	300	3	0.004988	0.1388	93.6172	0.00316	0.48918	103.9313	0.0093054	0.21562	119.3771	
angle_coeff		168	300	3	0.013171	0.18042	118.7729	0.00089925	0.27136	138.7583	0.0033834	0.29371	101.192	
angle_coeff		169	300	3	0.0053532	0.17715	94.3767	0.0083314	0.40688	111.98	0.0037686	0.24597	133.9502	
angle_coeff		170	300	3	0.004885	0.2052	95.9463	0.0033627	0.21859	136.2868	0.0092056	0.27795	113.8826	
angle_coeff		171	300	3	0.0015934	0.076734	106.7888	0.008045	0.29945	107.5716	0.007815	0.29997	127.5436	
angle_coeff		172	300	3	0.0027168	0.23221	136.5295	0.0063184	0.18365	94.4743	0.0084181	0.40053	113.4161	
angle_coeff		173	300	3	0.003371	0.18345	94.4875	0.0024815	0.19176	137.9557	0.011601	0.34893	112.6673	
angle_coeff		174	300	3	0.011825	0.19664	110.7382	0.0049504	0.24655	129.7689	0.00067755	0.1734	95.3481	
angle_coeff		175	300	3	0.0097172	0.40165	112.3885	0.003323	0.22681	137.9453	0.0044131	0.17756	93.3835	
angle_coeff		176	300	3	0.010712	0.30689	111.2293	0.003511	0.24877	137.1443	0.0032303	0.15268	92.8199	
angle_coeff		177	300	3	0.00090072	0.15498	137.4891	0.010842	0.38967	116.4725	0.0057102	0.14366	109.6207	
angle_coeff		178	300	3	0.0069763	0.36038	121.9069	0.0032312	0.19629	136.3393	0.0072458	0.22724	96.9758	
angle_coeff		179	300	3	0.011441	0.38258	117.49	0.0031361	0.23027	96.4296	0.0028764	0.20933	135.5351	
angle_coeff		180	300	3	0.00063211	0.1648	94.131	0.0096156	0.25721	127.6488	0.0072056	0.23127	111.1531	
angle_coeff		181	300	3	0.0021461	0.16462	140.4507	0.0088313	0.4025	114.8647	0.006476	0.16462	92.2585	
angle_coeff		182	300	3	0.0034691	0.16036	141.3518	0.0035295	0.17465	93.0373	0.010455	0.38886	112.8029	
angle_coeff		183	300	3	0.0041111	0.22084	135.5321	0.012003	0.23947	114.0455	0.0013389	0.13467	94.8405	
angle_coeff		184	300	3	0.0098606	0.41806	112.1926	0.0059456	0.1613	92.282	0.0016471	0.21339	135.6269	
angle_coeff		185	300	3	0.0035396	0.25893	133.6676	0.0045622	0.2142	95.7182	0.0093514	0.23242	113.2544	
angle_coeff		186	300	3	0.01302	0.36315	112.6634	0.0011444	0.13837	134.9652	0.0032885	0.35872	123.5369	
angle_coeff		187	300	3	0.0057419	0.17797	92.8877	0.0021048	0.23272	135.0286	0.0096065	0.41567	112.6211	
angle_coeff		188	300	3	0.0033247	0.24243	134.747	0.0038359	0.20265	95.2885	0.010293	0.26709	113.2345	
angle_coeff		189	300	3	0.013155	0.33686	114.5498	0.0035442	0.21423	133.9421	0.0007538	0.1106	93.9786	
angle_coeff		190	300	3	0.0089414	0.40867	112.915	0.0029512	0.22182	136.0118	0.0055607	0.17177	93.0979	
angle_coeff		191	300	3	0.011421	0.3455	114.7594	0.0017382	0.16316	139.4462	0.0042938	0.18957	94.2434	
angle_coeff		192	300	3	0.0018875	0.14449	136.6124	0.0077828	0.31842	108.855	0.0077829	0.36582	120.8571	
angle_coeff		193	300	3	0.0092899	0.40797	112.7256	0.0015099	0.24366	132.2151	0.0066534	0.17515	93.5891	
angle_coeff		194	300	3	0.0012646	0.23799	133.0878	0.013206	0.38004	109.3422	0.0029826	0.1512	93.6938	
angle_coeff		195	300	3	0.0011482	0.17222	132.2762	0.015421	0.38191	117.0259	0.00088363	0.10712	95.2719	
angle_coeff		196	300	3	0.0020528	0.14656	140.7326	0.0096084	0.36556	120.5084	0.005792	0.19266	93.4613	
angle_coeff		197	300	3	0.010728	0.33457	118.2008	0.0038564	0.18517	94.0483	0.0028692	0.15284	140.3954	
angle_coeff		198	300	3	0.0013409	0.20245	97.5012	0.0043161	0.24955	134.2398	0.011796	0.23101	115.9072	
angle_coeff		199	300	3	0.0087466	0.32283	105.6673	0.0050056	0.1577	92.5046	0.0037011	0.31251	130.4123	
angle_coeff		200	300	3	0.0016177	0.21371	138.0161	0.0053906	0.18147	96.9582	0.010445	0.34914	109.7427	
angle_coeff		201	300	3	0.011992	0.30004	109.368	0.0022937	0.30431	128.6857	0.0031681	0.11773	105.6212	
angle_coeff		202	300	3	0.012025	0.40477	113.1313	0.0038348	0.20192	95.5602	0.0015934	0.1777	135.0113	
angle_coeff		203	300	3	0.0035743	0.23253	96.4816	0.011	0.24761	112.2629	0.002879	0.26117	129.8562	
angle_coeff		204	300	3	0.0027225	0.14685	109.0017	0.0019186	0.13544	133.7173	0.012812	0.37202	113.8412	
angle_coeff		205	300	3	0.0039714	0.22649	142.4362	0.0072655	0.19478	95.6675	0.0062164	0.34929	123.0626	
angle_coeff		206	300	3	0.0075816	0.21267	98.4864	0.0041498	0.16696	145.6584	0.0057219	0.34928	123.9966	
angle_coeff		207	300	4	0.0037851	0.38773	111.7829	0.00065753	0.087728	166.2447	0.0068092	0.21049	142.7992	0.0062015	0.16139	128.5667	
angle_coeff		208	300	3	0.0020513	0.4551	110.0989	0.0035557	0.1466	93.4604	0.011846	0.22275	115.935	
angle_coeff		209	300	3	0.0023262	0.14731	95.2418	0.012538	0.18815	114.7434	0.0025893	0.4295	111.44	
angle_coeff		210	300	3	0.00084601	0.34261	128.4854	0.0018443	0.26615	98.6484	0.014763	0.20994	116.3663	
angle_coeff		211	300	3	0.002594	0.20955	137.1334	0.0071523	0.42674	111.5268	0.007707	0.1405	92.6668	
angle_coeff		212	300	3	0.004526	0.15981	93.4413	0.0078614	0.42301	111.9017	0.0050658	0.19842	137.8835	
angle_coeff		213	300	3	0.0077711	0.29277	126.7436	0.0080075	0.19319	108.6328	0.0016747	0.15071	96.9076	
angle_coeff		214	300	3	0.0062294	0.38919	106.0106	0.0080056	0.13886	92.2723	0.0032182	0.2636	135.3657	
angle_coeff		215	300	3	0.0050754	0.14366	93.0817	0.0042797	0.24358	138.0937	0.0080982	0.39356	109.0568	
angle_coeff		216	300	3	0.0032995	0.16469	134.5748	0.007165	0.40547	114.8296	0.0069889	0.14865	109.1724	
angle_coeff		217	300	3	0.0027399	0.2386	137.5993	0.0073675	0.40599	114.6497	0.0073459	0.16312	92.8231	
angle_coeff		218	300	3	0.0035622	0.15586	93.1726	0.0059849	0.26228	136.761	0.0079061	0.40992	109.5855	
angle_coeff		219	300	3	0.0026099	0.092183	109.0708	0.013296	0.35135	115.2228	0.0015477	0.12766	137.8836	
angle_coeff		220	300	3	0.0064235	0.38481	106.9443	0.0073504	0.14669	92.8856	0.0036794	0.2471	133.8929	
angle_coeff		221	300	3	0.0086846	0.41336	113.1972	0.0043247	0.20579	134.4599	0.004444	0.15207	93.0674	
angle_coeff		222	300	3	0.001165	0.096693	108.8075	0.012898	0.38974	116.1218	0.0033903	0.13818	133.2448	
angle_coeff		223	300	3	0.0012703	0.17087	140.1985	0.010413	0.13649	91.5838	0.0057701	0.41583	113.6804	
angle_coeff		224	300	3	0.0067079	0.40154	115.5768	0.0064683	0.14511	92.4531	0.0042771	0.15513	140.7535	
angle_coeff		225	300	3	0.0021139	0.16124	97.0673	0.0045371	0.26125	132.2561	0.010802	0.20523	113.5846	
angle_coeff		226	300	3	0.0025743	0.32657	128.8746	0.0099464	0.12674	91.4661	0.0049326	0.37732	102.5245	
angle_coeff		227	300	3	0.0029795	0.20794	136.463	0.0072935	0.15563	92.8879	0.0071803	0.42682	111.5052	
angle_coeff		228	300	3	0.0039652	0.30531	105.6232	0.011346	0.40088	114.61	0.0021417	0.16299	132.8444	
angle_coeff		229	300	3	0.0053352	0.39991	105.2179	0.0093823	0.13715	91.9644	0.0027358	0.29858	131.7701	
angle_coeff		230	300	3	0.0034738	0.23195	136.0027	0.0061182	0.1503	93.2444	0.0078613	0.42143	109.505	
angle_coeff		231	300	3	0.0029018	0.1929	133.1644	0.013622	0.38001	113.271	0.00092907	0.3035	133.8506	
angle_coeff		232	300	3	0.0091478	0.13733	92.1118	0.0064478	0.42758	111.6228	0.0018577	0.23261	135.52	
angle_coeff		233	300	3	0.0051334	0.1478	93.0251	0.003814	0.20314	137.103	0.0085059	0.42197	111.8951	
angle_coeff		234	300	3	0.0022781	0.15731	96.9835	0.0094592	0.34985	123.0149	0.005716	0.2025	110.387	
angle_coeff		235	300	3	0.0013685	0.25031	131.6393	0.0095896	0.14341	92.6639	0.0064952	0.42724	111.6588	
angle_coeff		236	300	3	0.0031768	0.16069	135.0335	0.0057159	0.15055	93.3301	0.0085606	0.41723	112.6229	
angle_coeff		237	300	3	0.0008972	0.090748	95.0647	0.00089728	0.45739	108.2459	0.015659	0.37217	118.0646	
angle_coeff		238	300	3	0.0061554	0.40655	114.9781	0.001996	0.17675	139.8274	0.0093019	0.14277	91.7143	
angle_coeff		239	300	3	0.0034411	0.17829	140.6076	0.0066565	0.39245	117.0044	0.0073556	0.14531	92.6444	
angle_coeff		240	300	3	0.0033754	0.31834	103.5802	0.0073583	0.18681	115.2934	0.0067197	0.27328	133.0675	
angle_coeff		241	300	3	0.0094006	0.1396	92.0661	0.0065742	0.40164	106.3659	0.0014785	0.26997	135.5424	
angle_coeff		242	300	3	0.0013641	0.20038	139.5682	0.007963	0.14803	93.293	0.0081262	0.41436	109.0693	
angle_coeff		243	300	3	0.01138	0.35853	111.2424	0.0048096	0.13355	108.5194	0.0012637	0.24205	133.6153	
angle_coeff		244	300	3	0.0016032	0.19136	133.3131	0.0063321	0.14497	92.129	0.009518	0.41415	112.8815	
angle_coeff		245	300	3	0.010519	0.41055	112.3348	0.0041557	0.18588	132.4159	0.0027785	0.14242	92.4552	
angle_coeff		246	300	3	0.013551	0.3809	113.4611	0.002724	0.12818	110.5641	0.0011788	0.12412	133.5602	
angle_coeff		247	300	3	0.0028094	0.2643	137.9163	0.01097	0.13746	94.1295	0.003674	0.43915	107.445	
angle_coeff		248	300	3	0.0048554	0.23513	141.3583	0.0091746	0.12944	94.1046	0.0034233	0.4283	111.0459	
angle_coeff		249	300	4	0.0036688	0.38586	110.3074	0.0059668	0.15521	127.1077	0.00072224	0.10309	163.9184	0.0070954	0.20442	140.9898	
angle_coeff		250	300	3	0.0053254	0.17205	92.1775	0.0092341	0.088197	90.4045	0.0028938	0.28271	116.7879	
angle_coeff		251	300	3	0.0044246	0.1971	117.9564	0.0027885	0.42917	109.549	0.01024	0.11645	92.2609	
angle_coeff		252	300	3	0.0044188	0.20494	94.5281	0.0031768	0.30845	129.8104	0.0098577	0.18754	116.2243	
angle_coeff		253	300	3	0.0075448	0.42312	111.9729	0.0029017	0.21804	137.367	0.0070068	0.15191	91.0508	
angle_coeff		254	300	3	0.0040859	0.2132	138.3413	0.0075552	0.40086	112.0929	0.0058122	0.15331	92.3484	
angle_coeff		255	300	3	0.00060306	0.099915	136.4588	0.010525	0.29263	108.9364	0.0063252	0.26987	129.7241	
angle_coeff		256	300	3	0.0071113	0.43489	110.2736	0.0078536	0.16022	91.281	0.0024884	0.20856	137.255	
angle_coeff		257	300	3	0.0068414	0.41771	112.4527	0.0071814	0.15627	92.4943	0.0034305	0.2438	137.4899	
angle_coeff		258	300	3	0.010366	0.39749	114.6886	0.0046617	0.1245	109.3539	0.0024259	0.15446	133.9807	
angle_coeff		259	300	3	0.0029973	0.2195	137.916	0.0087124	0.41798	112.4653	0.0057436	0.14968	90.9619	
angle_coeff		260	300	3	0.0093031	0.40436	110.6722	0.0042325	0.13472	91.6484	0.0039177	0.21396	137.6055	
angle_coeff		261	300	3	0.012091	0.38666	116.7369	0.0014223	0.15516	136.3914	0.00394	0.15221	110.04	
angle_coeff		262	300	3	0.0075744	0.16033	91.3459	0.0039086	0.24018	134.098	0.0059703	0.38399	109.0311	
angle_coeff		263	300	3	0.0058825	0.16106	92.1945	0.008096	0.41225	113.5177	0.0034748	0.22348	135.2117	
angle_coeff		264	300	3	0.0058153	0.17878	110.1757	0.010262	0.30969	125.6802	0.0013757	0.1963	95.1717	
angle_coeff		265	300	3	0.0014099	0.1736	140.1775	0.0095589	0.14111	90.0444	0.0064846	0.4159	113.4207	
angle_coeff		266	300	3	0.0066021	0.40657	114.8295	0.002937	0.1564	141.8407	0.0079142	0.14511	91.1924	
angle_coeff		267	300	3	0.011677	0.26154	113.5591	0.0042739	0.21797	135.3826	0.0015022	0.11513	93.7928	
angle_coeff		268	300	3	0.0055533	0.40053	106.918	0.0018897	0.27867	132.8705	0.01001	0.1386	90.1008	
angle_coeff		269	300	3	0.0018076	0.17814	138.5705	0.0081507	0.14692	91.4574	0.0074949	0.42012	112.4552	
angle_coeff		270	300	3	0.010557	0.41907	111.8896	0.0031257	0.19741	133.1016	0.0037704	0.18521	112.7405	
angle_coeff		271	300	3	0.0053925	0.3827	106.0718	0.002804	0.28644	131.7964	0.0092567	0.14732	90.5863	
angle_coeff		272	300	3	0.0022042	0.2041	137.3944	0.0080967	0.16063	92.3854	0.0071524	0.41998	112.049	
angle_coeff		273	300	3	0.004797	0.23975	131.9071	0.01197	0.33259	112.2983	0.00068586	0.080055	93.836	
angle_coeff		274	300	3	0.0018056	0.21701	137.9347	0.0087378	0.16325	91.0378	0.0069098	0.40822	114.4775	
angle_coeff		275	300	3	0.0081256	0.42309	111.8175	0.0024591	0.1959	139.2612	0.0068685	0.14384	91.6395	
angle_coeff		276	300	3	0.008654	0.32458	107.0742	0.0019092	0.15493	135.0936	0.00689	0.34361	120.0186	
angle_coeff		277	300	3	0.0054586	0.21141	94.1442	0.0072753	0.3835	118.2226	0.0047194	0.11485	89.6057	
angle_coeff		278	300	3	0.0018062	0.21897	134.4075	0.0083743	0.37271	109.9877	0.0072728	0.14748	91.9203	
angle_coeff		279	300	3	0.0083965	0.36276	114.8293	0.0082573	0.36243	121.218	0.00079957	0.092817	94.089	
angle_coeff		280	300	3	0.0062459	0.40683	114.9047	0.0024563	0.18339	139.0411	0.0087511	0.15365	90.6461	
angle_coeff		281	300	3	0.0064841	0.40249	115.4997	0.0075135	0.15219	91.4541	0.0034558	0.177	139.994	
angle_coeff		282	300	3	0.001691	0.23866	96.7373	0.0054635	0.24354	133.7816	0.010299	0.23261	115.1517	
angle_coeff		283	300	3	0.0018247	0.28706	133.8453	0.0064064	0.38157	106.5179	0.0092222	0.14148	90.6511	
angle_coeff		284	300	3	0.0075692	0.43136	110.685	0.0010259	0.1576	139.9689	0.0088582	0.14414	92.2696	
angle_coeff		285	300	3	0.0068869	0.16108	109.2903	0.0099243	0.41323	112.9377	0.00064208	0.13378	136.3661	
angle_coeff		286	300	3	0.0099383	0.41926	111.9762	0.0057924	0.15001	89.8443	0.0017226	0.21044	132.6625	
angle_coeff		287	300	3	0.0036627	0.15493	90.4095	0.011125	0.38949	109.7429	0.0026661	0.24915	131.6996	
angle_coeff		288	300	3	0.0016371	0.18021	94.6877	0.0082341	0.31847	123.6377	0.0075822	0.18544	109.771	
angle_coeff		289	300	3	0.004002	0.25739	138.3608	0.0091409	0.16144	92.7412	0.0043105	0.40392	113.5389	
angle_coeff		290	300	3	0.0029823	0.19729	143.5907	0.0041003	0.36629	121.976	0.010371	0.1736	94.0434	
angle_coeff		291	300	3	0.0072922	0.23858	125.3629	0.0073045	0.23984	140.7898	0.0028566	0.33362	105.8007	
angle_coeff		292	300	3	0.0033121	0.1961	117.7268	0.010287	0.12686	88.9281	0.0038542	0.45088	107.4669	
angle_coeff		293	300	3	0.005386	0.18053	117.5699	0.0043578	0.4211	108.8249	0.0077095	0.12036	89.6573	
angle_coeff		294	300	3	0.012757	0.21976	116.588	0.0037999	0.18995	94.7695	0.0008966	0.27757	137.8637	

dihedral_style  table linear 360
dihedral_coeff  1 ../../table/table.dihedral DIH_TABLE1

pair_style  hybrid/overlay wf/cut 25.0 coul/debye 0.126 0.0 

pair_coeff 30 30 wf/cut 0.004751 6.45565 1 3 19.367
pair_coeff 1 1 wf/cut 0.039564 6.467950871367303 1 2 19.403852614101908
pair_coeff 1 2 wf/cut 0.068017 5.576178403526399 1 2 16.728535210579196
pair_coeff 1 3 wf/cut 0.032686 6.5677835361737795 1 2 19.70335060852134
pair_coeff 1 4 wf/cut 0.035161 6.178228033595178 1 2 18.534684100785533
pair_coeff 1 5 wf/cut 0.171515 6.643964892255349 1 2 19.93189467676605
pair_coeff 1 6 wf/cut 0.044522 5.868502140125925 1 2 17.605506420377775
pair_coeff 1 7 wf/cut 0.073172 6.14145960937047 1 2 18.424378828111408
pair_coeff 1 8 wf/cut 0.077577 6.318176525841784 1 2 18.95452957752535
pair_coeff 1 9 wf/cut 0.229375 6.590037435016079 1 2 19.770112305048237
pair_coeff 1 10 wf/cut 0.022571 6.320571545407576 1 2 18.96171463622273
pair_coeff 1 11 wf/cut 0.025281 6.483443734640188 1 2 19.450331203920562
pair_coeff 1 12 wf/cut 0.120006 6.36518785664648 1 2 19.09556356993944
pair_coeff 1 13 wf/cut 0.294931 6.755728450520449 1 2 20.267185351561345
pair_coeff 1 14 wf/cut 0.215603 6.538208522101147 1 2 19.61462556630344
pair_coeff 1 15 wf/cut 0.050582 5.938940625510648 1 2 17.816821876531947
pair_coeff 1 16 wf/cut 0.203491 6.392507281968151 1 2 19.177521845904455
pair_coeff 1 17 wf/cut 0.116706 6.188018494610175 1 2 18.564055483830522
pair_coeff 1 18 wf/cut 0.059120 6.1344640513130955 1 2 18.403392153939286
pair_coeff 1 19 wf/cut 0.054437 6.094294827619396 1 2 18.282884482858186
pair_coeff 1 20 wf/cut 0.019979 6.496393035701747 1 2 19.48917910710524
pair_coeff 1 21 wf/cut 0.033511 6.472967463905089 1 2 19.418902391715267
pair_coeff 1 22 wf/cut 0.053464 5.579884038976499 1 2 16.7396521169295
pair_coeff 1 23 wf/cut 0.028840 6.572908139010548 1 2 19.718724417031645
pair_coeff 1 24 wf/cut 0.030487 6.183085528083141 1 2 18.549256584249424
pair_coeff 1 25 wf/cut 0.126057 6.646517494086263 1 2 19.93955248225879
pair_coeff 1 26 wf/cut 0.037087 5.873266644604083 1 2 17.61979993381225
pair_coeff 1 27 wf/cut 0.057192 6.145621669676131 1 2 18.43686500902839
pair_coeff 1 28 wf/cut 0.060220 6.322430858089529 1 2 18.967292574268587
pair_coeff 1 29 wf/cut 0.166559 6.592040039094211 1 2 19.776120117282634
pair_coeff 1 30 wf/cut 0.022157 6.322886509244067 1 2 18.9686595277322
pair_coeff 1 31 wf/cut 0.023649 6.486360198534797 1 2 19.45908059560439
pair_coeff 1 32 wf/cut 0.089698 6.368425539955892 1 2 19.105276619867674
pair_coeff 1 33 wf/cut 0.212282 6.7573688868401405 1 2 20.27210666052042
pair_coeff 1 34 wf/cut 0.156918 6.5402914181442595 1 2 19.620874254432778
pair_coeff 1 35 wf/cut 0.041217 5.943583554201671 1 2 17.830750662605013
pair_coeff 1 36 wf/cut 0.148384 6.394666170151445 1 2 19.183998510454334
pair_coeff 1 37 wf/cut 0.087498 6.191219964195186 1 2 18.57365989258556
pair_coeff 1 38 wf/cut 0.047275 6.139108925912469 1 2 18.417326777737408
pair_coeff 1 39 wf/cut 0.043970 6.098946985727069 1 2 18.296840957181207
pair_coeff 1 40 wf/cut 0.019979 6.496393035701747 1 2 19.48917910710524
pair_coeff 2 2 wf/cut 0.096470 4.695110240398406 1 2 14.085330721195216
pair_coeff 2 3 wf/cut 0.061139 5.671338290828199 1 2 17.014014872484598
pair_coeff 2 4 wf/cut 0.063614 5.284424971479424 1 2 15.85327491443827
pair_coeff 2 5 wf/cut 0.199968 5.766386193227936 1 2 17.299158579683805
pair_coeff 2 6 wf/cut 0.072975 4.980134552672144 1 2 14.940403658016432
pair_coeff 2 7 wf/cut 0.101625 5.2592548053112145 1 2 15.777764415933643
pair_coeff 2 8 wf/cut 0.106030 5.436374588857539 1 2 16.30912376657262
pair_coeff 2 9 wf/cut 0.257828 5.7131654456309935 1 2 17.139496336892982
pair_coeff 2 10 wf/cut 0.051024 5.412393397897493 1 2 16.23718019369248
pair_coeff 2 11 wf/cut 0.053734 5.578930397816427 1 2 16.736791193449278
pair_coeff 2 12 wf/cut 0.148459 5.486299347261422 1 2 16.458898041784266
pair_coeff 2 13 wf/cut 0.323384 5.879238002082802 1 2 17.63771400624841
pair_coeff 2 14 wf/cut 0.244056 5.661218822883835 1 2 16.983656468651503
pair_coeff 2 15 wf/cut 0.079035 5.052524512175333 1 2 15.157573536526
pair_coeff 2 16 wf/cut 0.231944 5.515411637199979 1 2 16.54623491159994
pair_coeff 2 17 wf/cut 0.145159 5.3090163197417555 1 2 15.927048959225267
pair_coeff 2 18 wf/cut 0.087573 5.249990542761369 1 2 15.749971628284106
pair_coeff 2 19 wf/cut 0.082890 5.208722790322849 1 2 15.626168370968546
pair_coeff 2 20 wf/cut 0.048432 5.580329252471181 1 2 16.740987757413542
pair_coeff 2 21 wf/cut 0.061964 5.577215175821233 1 2 16.731645527463698
pair_coeff 2 22 wf/cut 0.081917 4.696396560631559 1 2 14.089189681894677
pair_coeff 2 23 wf/cut 0.057293 5.67211261999139 1 2 17.016337859974172
pair_coeff 2 24 wf/cut 0.058940 5.285212528563172 1 2 15.855637585689518
pair_coeff 2 25 wf/cut 0.154510 5.767769508320207 1 2 17.30330852496062
pair_coeff 2 26 wf/cut 0.065540 4.981125987510791 1 2 14.943377962532374
pair_coeff 2 27 wf/cut 0.085645 5.260651874488179 1 2 15.781955623464537
pair_coeff 2 28 wf/cut 0.088673 5.437809343618614 1 2 16.313428030855842
pair_coeff 2 29 wf/cut 0.195012 5.714358676536591 1 2 17.143076029609773
pair_coeff 2 30 wf/cut 0.050610 5.412530359493723 1 2 16.23759107848117
pair_coeff 2 31 wf/cut 0.052102 5.579325356579805 1 2 16.737976069739414
pair_coeff 2 32 wf/cut 0.118151 5.487774115196598 1 2 16.463322345589795
pair_coeff 2 33 wf/cut 0.240735 5.880303283956183 1 2 17.64090985186855
pair_coeff 2 34 wf/cut 0.185371 5.662447134978403 1 2 16.987341404935208
pair_coeff 2 35 wf/cut 0.069670 5.053695239348068 1 2 15.161085718044204
pair_coeff 2 36 wf/cut 0.176837 5.516638738971832 1 2 16.549916216915495
pair_coeff 2 37 wf/cut 0.115951 5.310437234694913 1 2 15.931311704084738
pair_coeff 2 38 wf/cut 0.075728 5.251325825579545 1 2 15.753977476738633
pair_coeff 2 39 wf/cut 0.072423 5.20997288304294 1 2 15.629918649128818
pair_coeff 2 40 wf/cut 0.048432 5.580329252471181 1 2 16.740987757413542
pair_coeff 3 3 wf/cut 0.019117 6.671340524039856 1 2 20.014021572119567
pair_coeff 3 4 wf/cut 0.028283 6.279399881910995 1 2 18.838199645732985
pair_coeff 3 5 wf/cut 0.121938 6.73819193132635 1 2 20.21457579397905
pair_coeff 3 6 wf/cut 0.037644 5.966686347623176 1 2 17.90005904286953
pair_coeff 3 7 wf/cut 0.000493 6.236987380482699 1 2 18.710962141448096
pair_coeff 3 8 wf/cut 0.000526 6.413575163938182 1 2 19.240725491814544
pair_coeff 3 9 wf/cut 0.102701 6.684083406034673 1 2 20.052250218104017
pair_coeff 3 10 wf/cut 0.015693 6.433541011383533 1 2 19.3006230341506
pair_coeff 3 11 wf/cut 0.018403 6.592557574989555 1 2 19.777672724968664
pair_coeff 3 12 wf/cut 0.113128 6.4596938105680355 1 2 19.37908143170411
pair_coeff 3 13 wf/cut 0.104796 6.849685211660051 1 2 20.549055634980153
pair_coeff 3 14 wf/cut 0.115276 6.632280360446061 1 2 19.896841081338184
pair_coeff 3 15 wf/cut 0.043704 6.036179732070119 1 2 18.10853919621036
pair_coeff 3 16 wf/cut 0.087370 6.4866030031823305 1 2 19.45980900954699
pair_coeff 3 17 wf/cut 0.109828 6.2825460057664415 1 2 18.847638017299325
pair_coeff 3 18 wf/cut 0.052242 6.2310615597122725 1 2 18.693184679136817
pair_coeff 3 19 wf/cut 0.047559 6.191153675456269 1 2 18.573461026368804
pair_coeff 3 20 wf/cut 0.013101 6.617996254538358 1 2 19.853988763615074
pair_coeff 3 21 wf/cut 0.026633 6.575236990212751 1 2 19.725710970638254
pair_coeff 3 22 wf/cut 0.046586 5.67591070475063 1 2 17.02773211425189
pair_coeff 3 23 wf/cut 0.016267 6.6786690213492745 1 2 20.036007064047823
pair_coeff 3 24 wf/cut 0.023609 6.28697050091405 1 2 18.860911502742148
pair_coeff 3 25 wf/cut 0.088471 6.7410021187479785 1 2 20.223006356243935
pair_coeff 3 26 wf/cut 0.030209 5.973496417353158 1 2 17.920489252059475
pair_coeff 3 27 wf/cut 0.000375 6.242202340571064 1 2 18.726607021713193
pair_coeff 3 28 wf/cut 0.000395 6.41884518513886 1 2 19.25653555541658
pair_coeff 3 29 wf/cut 0.087295 6.686244113621416 1 2 20.058732340864246
pair_coeff 3 30 wf/cut 0.015279 6.438064853494475 1 2 19.314194560483426
pair_coeff 3 31 wf/cut 0.016771 6.597859600272992 1 2 19.793578800818977
pair_coeff 3 32 wf/cut 0.082820 6.463434808995108 1 2 19.390304426985324
pair_coeff 3 33 wf/cut 0.089077 6.851438991432198 1 2 20.554316974296594
pair_coeff 3 34 wf/cut 0.097985 6.634536462444846 1 2 19.903609387334537
pair_coeff 3 35 wf/cut 0.034339 6.042553594266142 1 2 18.127660782798426
pair_coeff 3 36 wf/cut 0.062880 6.488951472342971 1 2 19.466854417028912
pair_coeff 3 37 wf/cut 0.080620 6.286259565568102 1 2 18.858778696704306
pair_coeff 3 38 wf/cut 0.040397 6.23694969931501 1 2 18.71084909794503
pair_coeff 3 39 wf/cut 0.037092 6.197406382364393 1 2 18.59221914709318
pair_coeff 3 40 wf/cut 0.013101 6.617996254538358 1 2 19.853988763615074
pair_coeff 4 4 wf/cut 0.030758 5.8890615748048605 1 2 17.667184724414582
pair_coeff 4 5 wf/cut 0.167112 6.352015695367313 1 2 19.056047086101938
pair_coeff 4 6 wf/cut 0.040119 5.577947754246859 1 2 16.733843262740578
pair_coeff 4 7 wf/cut 0.068769 5.849866323299111 1 2 17.549598969897332
pair_coeff 4 8 wf/cut 0.073174 6.026541387517959 1 2 18.079624162553877
pair_coeff 4 9 wf/cut 0.224972 6.298063007043266 1 2 18.894189021129797
pair_coeff 4 10 wf/cut 0.018168 6.03696547344559 1 2 18.11089642033677
pair_coeff 4 11 wf/cut 0.020878 6.198088878491606 1 2 18.594266635474817
pair_coeff 4 12 wf/cut 0.115603 6.073287961608412 1 2 18.219863884825237
pair_coeff 4 13 wf/cut 0.290527 6.463775207339586 1 2 19.39132562201876
pair_coeff 4 14 wf/cut 0.211200 6.246251077325644 1 2 18.73875323197693
pair_coeff 4 15 wf/cut 0.046179 5.648007650359314 1 2 16.94402295107794
pair_coeff 4 16 wf/cut 0.199088 6.1005286446452045 1 2 18.301585933935613
pair_coeff 4 17 wf/cut 0.112303 5.896099182190375 1 2 17.688297546571125
pair_coeff 4 18 wf/cut 0.054717 5.84319611761197 1 2 17.52958835283591
pair_coeff 4 19 wf/cut 0.050034 5.803211551983609 1 2 17.40963465595083
pair_coeff 4 20 wf/cut 0.015576 6.214617146494642 1 2 18.643851439483925
pair_coeff 4 21 wf/cut 0.029108 6.184377266229273 1 2 18.55313179868782
pair_coeff 4 22 wf/cut 0.049061 5.288433024843104 1 2 15.865299074529311
pair_coeff 4 23 wf/cut 0.024437 6.285985931141882 1 2 18.857957793425648
pair_coeff 4 24 wf/cut 0.026084 5.895181038887271 1 2 17.685543116661812
pair_coeff 4 25 wf/cut 0.121654 6.3546176961456355 1 2 19.063853088436908
pair_coeff 4 26 wf/cut 0.032684 5.583620888610048 1 2 16.75086266583014
pair_coeff 4 27 wf/cut 0.052789 5.854435916763915 1 2 17.563307750291745
pair_coeff 4 28 wf/cut 0.055817 6.031184910048361 1 2 18.093554730145083
pair_coeff 4 29 wf/cut 0.162155 6.300073473520442 1 2 18.900220420561325
pair_coeff 4 30 wf/cut 0.017754 6.038590687548953 1 2 18.115772062646858
pair_coeff 4 31 wf/cut 0.019246 6.20213243224441 1 2 18.606397296733228
pair_coeff 4 32 wf/cut 0.085295 6.076667470375622 1 2 18.230002411126865
pair_coeff 4 33 wf/cut 0.207879 6.4653998696548625 1 2 19.396199608964587
pair_coeff 4 34 wf/cut 0.152515 6.248347277402027 1 2 18.74504183220608
pair_coeff 4 35 wf/cut 0.036814 5.653400669933968 1 2 16.960202009801904
pair_coeff 4 36 wf/cut 0.143981 6.1027057764377375 1 2 18.308117329313212
pair_coeff 4 37 wf/cut 0.083095 5.899444861363162 1 2 17.698334584089487
pair_coeff 4 38 wf/cut 0.042872 5.848454222246143 1 2 17.545362666738427
pair_coeff 4 39 wf/cut 0.039567 5.808550835350359 1 2 17.425652506051076
pair_coeff 4 40 wf/cut 0.015576 6.214617146494642 1 2 18.643851439483925
pair_coeff 5 5 wf/cut 0.089916 6.839051042416954 1 2 20.51715312725086
pair_coeff 5 6 wf/cut 0.176473 6.049093128275473 1 2 18.14727938482642
pair_coeff 5 7 wf/cut 0.001522 6.329860382208001 1 2 18.989581146624005
pair_coeff 5 8 wf/cut 0.001554 6.507087894628845 1 2 19.521263683886534
pair_coeff 5 9 wf/cut 0.607820 6.786238537205683 1 2 20.358715611617047
pair_coeff 5 10 wf/cut 0.154522 6.477800731622431 1 2 19.433402194867295
pair_coeff 5 11 wf/cut 0.157232 6.644606745714045 1 2 19.933820237142136
pair_coeff 5 12 wf/cut 0.251957 6.5582801074116395 1 2 19.674840322234918
pair_coeff 5 13 wf/cut 0.691657 6.952550947859904 1 2 20.85765284357971
pair_coeff 5 14 wf/cut 0.544942 6.734244851368496 1 2 20.20273455410549
pair_coeff 5 15 wf/cut 0.182533 6.121907195991114 1 2 18.365721587973344
pair_coeff 5 16 wf/cut 0.124237 6.588371399225676 1 2 19.76511419767703
pair_coeff 5 17 wf/cut 0.248657 6.381027696653046 1 2 19.143083089959138
pair_coeff 5 18 wf/cut 0.191071 6.319850876308843 1 2 18.95955262892653
pair_coeff 5 19 wf/cut 0.186388 6.2782756347766915 1 2 18.834826904330075
pair_coeff 5 20 wf/cut 0.151930 6.644914452592528 1 2 19.934743357777585
pair_coeff 5 21 wf/cut 0.165462 6.6442230427261695 1 2 19.93266912817851
pair_coeff 5 22 wf/cut 0.185415 5.7668587075646895 1 2 17.300576122694068
pair_coeff 5 23 wf/cut 0.160791 6.738370816695987 1 2 20.21511245008796
pair_coeff 5 24 wf/cut 0.162438 6.352227758045304 1 2 19.056683274135914
pair_coeff 5 25 wf/cut 0.076528 6.839775073180529 1 2 20.519325219541585
pair_coeff 5 26 wf/cut 0.169038 6.0493803544908396 1 2 18.14814106347252
pair_coeff 5 27 wf/cut 0.001403 6.330338025744615 1 2 18.991014077233842
pair_coeff 5 28 wf/cut 0.001424 6.507609785991295 1 2 19.522829357973883
pair_coeff 5 29 wf/cut 0.516647 6.786966179847217 1 2 20.36089853954165
pair_coeff 5 30 wf/cut 0.154108 6.477855546012645 1 2 19.433566638037934
pair_coeff 5 31 wf/cut 0.155600 6.644688317632491 1 2 19.934064952897472
pair_coeff 5 32 wf/cut 0.221649 6.558922216808411 1 2 19.676766650425233
pair_coeff 5 33 wf/cut 0.587908 6.953270762564632 1 2 20.859812287693895
pair_coeff 5 34 wf/cut 0.463200 6.734965561624807 1 2 20.20489668487442
pair_coeff 5 35 wf/cut 0.173168 6.122239691611766 1 2 18.366719074835295
pair_coeff 5 36 wf/cut 0.103828 6.589083179632521 1 2 19.767249538897563
pair_coeff 5 37 wf/cut 0.219449 6.381655047319296 1 2 19.14496514195789
pair_coeff 5 38 wf/cut 0.179226 6.320242196579514 1 2 18.96072658973854
pair_coeff 5 39 wf/cut 0.175921 6.27864243896636 1 2 18.83592731689908
pair_coeff 5 40 wf/cut 0.151930 6.644914452592528 1 2 19.934743357777585
pair_coeff 6 6 wf/cut 0.049480 5.270073550243385 1 2 15.810220650730155
pair_coeff 6 7 wf/cut 0.078130 5.545103888084069 1 2 16.635311664252207
pair_coeff 6 8 wf/cut 0.082535 5.721983178129665 1 2 17.165949534388993
pair_coeff 6 9 wf/cut 0.234333 5.995374866482686 1 2 17.986124599448058
pair_coeff 6 10 wf/cut 0.027529 5.714672842433839 1 2 17.14401852730152
pair_coeff 6 11 wf/cut 0.030239 5.879183169613761 1 2 17.637549508841282
pair_coeff 6 12 wf/cut 0.124964 5.769878425481944 1 2 17.30963527644583
pair_coeff 6 13 wf/cut 0.299889 6.1612197345718664 1 2 18.4836592037156
pair_coeff 6 14 wf/cut 0.220561 5.943524169558512 1 2 17.830572508675537
pair_coeff 6 15 wf/cut 0.055540 5.341186580911172 1 2 16.023559742733518
pair_coeff 6 16 wf/cut 0.208449 5.797765867232053 1 2 17.393297601696162
pair_coeff 6 17 wf/cut 0.121665 5.592676667454632 1 2 16.778030002363895
pair_coeff 6 18 wf/cut 0.064078 5.537383848868321 1 2 16.612151546604963
pair_coeff 6 19 wf/cut 0.059395 5.496867679432823 1 2 16.490603038298467
pair_coeff 6 20 wf/cut 0.024937 5.887264113119765 1 2 17.661792339359295
pair_coeff 6 21 wf/cut 0.038469 5.872091702440819 1 2 17.616275107322455
pair_coeff 6 22 wf/cut 0.058422 4.983057318967985 1 2 14.949171956903955
pair_coeff 6 23 wf/cut 0.033798 5.970212624670237 1 2 17.91063787401071
pair_coeff 6 24 wf/cut 0.035445 5.581322386503443 1 2 16.743967159510326
pair_coeff 6 25 wf/cut 0.131015 6.051283655448215 1 2 18.153850966344642
pair_coeff 6 26 wf/cut 0.042046 5.273529178305013 1 2 15.82058753491504
pair_coeff 6 27 wf/cut 0.062150 5.548382201124551 1 2 16.645146603373654
pair_coeff 6 28 wf/cut 0.065178 5.725365872076537 1 2 17.17609761622961
pair_coeff 6 29 wf/cut 0.171517 5.997120040197383 1 2 17.991360120592148
pair_coeff 6 30 wf/cut 0.027116 5.716115591130418 1 2 17.148346773391253
pair_coeff 6 31 wf/cut 0.028607 5.881066148485684 1 2 17.643198445457053
pair_coeff 6 32 wf/cut 0.094656 5.77257425641905 1 2 17.317722769257152
pair_coeff 6 33 wf/cut 0.217240 6.16266774871136 1 2 18.48800324613408
pair_coeff 6 34 wf/cut 0.161876 5.945332519051 1 2 17.835997557153
pair_coeff 6 35 wf/cut 0.046175 5.344636755005952 1 2 16.03391026501786
pair_coeff 6 36 wf/cut 0.153342 5.799630893236802 1 2 17.398892679710407
pair_coeff 6 37 wf/cut 0.092457 5.595329366190724 1 2 16.785988098572172
pair_coeff 6 38 wf/cut 0.052233 5.540935423926066 1 2 16.6228062717782
pair_coeff 6 39 wf/cut 0.048928 5.50037559161048 1 2 16.50112677483144
pair_coeff 6 40 wf/cut 0.024937 5.887264113119765 1 2 17.661792339359295
pair_coeff 7 7 wf/cut 0.079096 5.823521721060312 1 2 17.470565163180936
pair_coeff 7 8 wf/cut 0.082359 6.000582237524121 1 2 18.001746712572363
pair_coeff 7 9 wf/cut 0.262983 6.276473791430636 1 2 18.829421374291908
pair_coeff 7 10 wf/cut 0.056178 5.978735433494051 1 2 17.93620630048215
pair_coeff 7 11 wf/cut 0.058888 6.145089275635634 1 2 18.4352678269069
pair_coeff 7 12 wf/cut 0.153614 6.0500403862929435 1 2 18.150121158878832
pair_coeff 7 13 wf/cut 0.328538 6.4424403069543335 1 2 19.327320920863002
pair_coeff 7 14 wf/cut 0.249211 6.224557346027278 1 2 18.673672038081833
pair_coeff 7 15 wf/cut 0.084189 5.617298771179795 1 2 16.851896313539385
pair_coeff 7 16 wf/cut 0.001758 6.078759471752929 1 2 18.236278415258788
pair_coeff 7 17 wf/cut 0.150314 5.872796196825872 1 2 17.618388590477615
pair_coeff 7 18 wf/cut 0.092728 5.81454574012806 1 2 17.44363722038418
pair_coeff 7 19 wf/cut 0.088045 5.773404302618334 1 2 17.320212907855
pair_coeff 7 20 wf/cut 0.053587 6.146988238119009 1 2 18.44096471435703
pair_coeff 7 21 wf/cut 0.067118 6.142810853550669 1 2 18.428432560652006
pair_coeff 7 22 wf/cut 0.087071 5.260822534908925 1 2 15.782467604726776
pair_coeff 7 23 wf/cut 0.062448 6.238009317192061 1 2 18.714027951576185
pair_coeff 7 24 wf/cut 0.064094 5.850906179325341 1 2 17.552718537976023
pair_coeff 7 25 wf/cut 0.159665 6.331479448731908 1 2 18.994438346195725
pair_coeff 7 26 wf/cut 0.070695 5.546505225276659 1 2 16.639515675829976
pair_coeff 7 27 wf/cut 0.067258 5.825264832984326 1 2 17.47579449895298
pair_coeff 7 28 wf/cut 0.069297 6.002427424339147 1 2 18.00728227301744
pair_coeff 7 29 wf/cut 0.200166 6.277866750279897 1 2 18.83360025083969
pair_coeff 7 30 wf/cut 0.055765 5.978921905643417 1 2 17.93676571693025
pair_coeff 7 31 wf/cut 0.057257 6.145621669676131 1 2 18.43686500902839
pair_coeff 7 32 wf/cut 0.123306 6.051811079871612 1 2 18.155433239614837
pair_coeff 7 33 wf/cut 0.245890 6.4436539809330755 1 2 19.330961942799227
pair_coeff 7 34 wf/cut 0.190526 6.225980124267849 1 2 18.677940372803548
pair_coeff 7 35 wf/cut 0.074825 5.6188072088999945 1 2 16.856421626699984
pair_coeff 7 36 wf/cut 0.001350 6.080187764149639 1 2 18.24056329244892
pair_coeff 7 37 wf/cut 0.121106 5.874523045623452 1 2 17.623569136870355
pair_coeff 7 38 wf/cut 0.080883 5.816239431041905 1 2 17.448718293125715
pair_coeff 7 39 wf/cut 0.077578 5.775001596638995 1 2 17.325004789916985
pair_coeff 7 40 wf/cut 0.053587 6.146988238119009 1 2 18.44096471435703
pair_coeff 8 8 wf/cut 0.085622 6.177670315650897 1 2 18.533010946952693
pair_coeff 8 9 wf/cut 0.267388 6.453698205558216 1 2 19.36109461667465
pair_coeff 8 10 wf/cut 0.060583 6.155038804583549 1 2 18.46511641375065
pair_coeff 8 11 wf/cut 0.063293 6.321457293122011 1 2 18.964371879366034
pair_coeff 8 12 wf/cut 0.158019 6.22721384211578 1 2 18.681641526347338
pair_coeff 8 13 wf/cut 0.332943 6.61969178186508 1 2 19.85907534559524
pair_coeff 8 14 wf/cut 0.253616 6.401798946045327 1 2 19.205396838135982
pair_coeff 8 15 wf/cut 0.088594 5.794219764312674 1 2 17.382659292938023
pair_coeff 8 16 wf/cut 0.001791 6.2560007029022255 1 2 18.768002108706675
pair_coeff 8 17 wf/cut 0.154719 6.049988923928926 1 2 18.14996677178678
pair_coeff 8 18 wf/cut 0.097133 5.991524845146615 1 2 17.974574535439846
pair_coeff 8 19 wf/cut 0.092450 5.950364732175825 1 2 17.851094196527477
pair_coeff 8 20 wf/cut 0.057992 6.323325627682127 1 2 18.96997688304638
pair_coeff 8 21 wf/cut 0.071523 6.319407907453407 1 2 18.95822372236022
pair_coeff 8 22 wf/cut 0.091476 5.437918514751647 1 2 16.313755544254942
pair_coeff 8 23 wf/cut 0.066853 6.414637503765215 1 2 19.243912511295648
pair_coeff 8 24 wf/cut 0.068499 6.027610728824833 1 2 18.082832186474498
pair_coeff 8 25 wf/cut 0.164070 6.50867097271995 1 2 19.52601291815985
pair_coeff 8 26 wf/cut 0.075100 5.723271374681476 1 2 17.16981412404443
pair_coeff 8 27 wf/cut 0.095204 6.002225923033709 1 2 18.006677769101127
pair_coeff 8 28 wf/cut 0.072560 6.179413824459994 1 2 18.538241473379983
pair_coeff 8 29 wf/cut 0.204571 6.455074051412765 1 2 19.365222154238296
pair_coeff 8 30 wf/cut 0.060170 6.155372367938502 1 2 18.466117103815506
pair_coeff 8 31 wf/cut 0.061662 6.321931368367982 1 2 18.965794105103946
pair_coeff 8 32 wf/cut 0.127711 6.228922014398231 1 2 18.686766043194694
pair_coeff 8 33 wf/cut 0.250295 6.620903112987423 1 2 19.86270933896227
pair_coeff 8 34 wf/cut 0.194931 6.403201712664134 1 2 19.2096051379924
pair_coeff 8 35 wf/cut 0.079230 5.795615810910755 1 2 17.386847432732267
pair_coeff 8 36 wf/cut 0.001379 6.257425310960982 1 2 18.772275932882945
pair_coeff 8 37 wf/cut 0.125511 6.051653861598323 1 2 18.154961584794968
pair_coeff 8 38 wf/cut 0.085288 5.993104375441103 1 2 17.97931312632331
pair_coeff 8 39 wf/cut 0.081983 5.951847773872721 1 2 17.855543321618164
pair_coeff 8 40 wf/cut 0.057992 6.323325627682127 1 2 18.96997688304638
pair_coeff 9 9 wf/cut 0.419186 6.733634028253079 1 2 20.20090208475924
pair_coeff 9 10 wf/cut 0.212382 6.423549039740656 1 2 19.270647119221966
pair_coeff 9 11 wf/cut 0.215092 6.590387900103195 1 2 19.771163700309586
pair_coeff 9 12 wf/cut 0.309817 6.50524897581083 1 2 19.51574692743249
pair_coeff 9 13 wf/cut 0.484741 6.900050363131952 1 2 20.700151089395856
pair_coeff 9 14 wf/cut 0.405414 6.6815889712242855 1 2 20.044766913672856
pair_coeff 9 15 wf/cut 0.240393 6.068280818635755 1 2 18.204842455907265
pair_coeff 9 16 wf/cut 0.393302 6.535691224609458 1 2 19.607073673828374
pair_coeff 9 17 wf/cut 0.306517 6.327982683666391 1 2 18.98394805099917
pair_coeff 9 18 wf/cut 0.248931 6.266295198960733 1 2 18.798885596882197
pair_coeff 9 19 wf/cut 0.244248 6.2246507773507185 1 2 18.673952332052156
pair_coeff 9 20 wf/cut 0.209790 6.5905505017289965 1 2 19.771651505186988
pair_coeff 9 21 wf/cut 0.223322 6.590180270116687 1 2 19.770540810350063
pair_coeff 9 22 wf/cut 0.243275 5.713450024075365 1 2 17.140350072226095
pair_coeff 9 23 wf/cut 0.218651 6.6841805825849985 1 2 20.052541747754994
pair_coeff 9 24 wf/cut 0.220298 6.298178954636986 1 2 18.894536863910957
pair_coeff 9 25 wf/cut 0.315868 6.786739795335731 1 2 20.360219386007195
pair_coeff 9 26 wf/cut 0.226898 5.99553560612189 1 2 17.98660681836567
pair_coeff 9 27 wf/cut 0.247003 6.276768673597067 1 2 18.8303060207912
pair_coeff 9 28 wf/cut 0.250031 6.454011505099358 1 2 19.362034515298074
pair_coeff 9 29 wf/cut 0.356369 6.734156486173098 1 2 20.202469458519293
pair_coeff 9 30 wf/cut 0.211968 6.4235779793345555 1 2 19.270733938003666
pair_coeff 9 31 wf/cut 0.213460 6.590431338464252 1 2 19.771294015392755
pair_coeff 9 32 wf/cut 0.279509 6.505661229041637 1 2 19.516983687124913
pair_coeff 9 33 wf/cut 0.402093 6.900589936537501 1 2 20.701769809612504
pair_coeff 9 34 wf/cut 0.346729 6.682106650582579 1 2 20.046319951747737
pair_coeff 9 35 wf/cut 0.231028 6.06846960743136 1 2 18.20540882229408
pair_coeff 9 36 wf/cut 0.338195 6.536191669581551 1 2 19.60857500874465
pair_coeff 9 37 wf/cut 0.277309 6.328383771538186 1 2 18.98515131461456
pair_coeff 9 38 wf/cut 0.237086 6.266521616565618 1 2 18.799564849696853
pair_coeff 9 39 wf/cut 0.233781 6.224860927463627 1 2 18.674582782390882
pair_coeff 9 40 wf/cut 0.209790 6.5905505017289965 1 2 19.771651505186988
pair_coeff 10 10 wf/cut 0.005578 6.265999286288815 1 2 18.797997858866445
pair_coeff 10 11 wf/cut 0.008288 6.390932891994093 1 2 19.17279867598228
pair_coeff 10 12 wf/cut 0.103013 6.199729734496916 1 2 18.59918920349075
pair_coeff 10 13 wf/cut 0.277937 6.589117480615403 1 2 19.76735244184621
pair_coeff 10 14 wf/cut 0.198610 6.371783619045257 1 2 19.11535085713577
pair_coeff 10 15 wf/cut 0.033589 5.781664862063682 1 2 17.344994586191046
pair_coeff 10 16 wf/cut 0.186498 6.226104236834126 1 2 18.67831271050238
pair_coeff 10 17 wf/cut 0.099713 6.022605657483588 1 2 18.067816972450764
pair_coeff 10 18 wf/cut 0.042127 5.974331431598945 1 2 17.922994294796837
pair_coeff 10 19 wf/cut 0.037444 5.935671447441882 1 2 17.807014342325644
pair_coeff 10 21 wf/cut 0.016518 6.336783382464571 1 2 19.010350147393712
pair_coeff 10 22 wf/cut 0.036471 5.418375566526451 1 2 16.255126699579353
pair_coeff 10 23 wf/cut 0.011847 6.452549354094189 1 2 19.357648062282568
pair_coeff 10 24 wf/cut 0.013494 6.0532242372044625 1 2 18.15967271161339
pair_coeff 10 25 wf/cut 0.109064 6.480992623201166 1 2 19.442977869603496
pair_coeff 10 26 wf/cut 0.020094 5.727883796640076 1 2 17.18365138992023
pair_coeff 10 27 wf/cut 0.040199 5.986137211233324 1 2 17.958411633699974
pair_coeff 10 28 wf/cut 0.043227 6.162354266488605 1 2 18.487062799465814
pair_coeff 10 29 wf/cut 0.149565 6.425899535640867 1 2 19.277698606922602
pair_coeff 10 30 wf/cut 0.005164 6.279450553510229 1 2 18.838351660530687
pair_coeff 10 31 wf/cut 0.006656 6.414806714205564 1 2 19.24442014261669
pair_coeff 10 32 wf/cut 0.072705 6.20424895331838 1 2 18.61274685995514
pair_coeff 10 33 wf/cut 0.195289 6.590957221363035 1 2 19.772871664089106
pair_coeff 10 34 wf/cut 0.139925 6.374256698313246 1 2 19.12277009493974
pair_coeff 10 35 wf/cut 0.024224 5.79281450588842 1 2 17.37844351766526
pair_coeff 10 36 wf/cut 0.131391 6.228661475252712 1 2 18.685984425758136
pair_coeff 10 37 wf/cut 0.070505 6.027117316392745 1 2 18.081351949178234
pair_coeff 10 38 wf/cut 0.030282 5.983977483837185 1 2 17.951932451511553
pair_coeff 10 39 wf/cut 0.026977 5.94607610198081 1 2 17.83822830594243
pair_coeff 11 11 wf/cut 0.010998 6.53407242179841 1 2 19.60221726539523
pair_coeff 11 12 wf/cut 0.105723 6.366490684329992 1 2 19.099472052989977
pair_coeff 11 13 wf/cut 0.280647 6.755935225417062 1 2 20.267805676251186
pair_coeff 11 14 wf/cut 0.201320 6.538603519887749 1 2 19.615810559663245
pair_coeff 11 15 wf/cut 0.036299 5.946968662780402 1 2 17.840905988341206
pair_coeff 11 16 wf/cut 0.189208 6.392942886970462 1 2 19.178828660911385
pair_coeff 11 17 wf/cut 0.102423 6.189364574070181 1 2 18.56809372221054
pair_coeff 11 18 wf/cut 0.044837 6.1402119935661545 1 2 18.420635980698464
pair_coeff 11 19 wf/cut 0.040154 6.101247830628814 1 2 18.30374349188644
pair_coeff 11 20 wf/cut 0.005696 6.607723261980873 1 2 19.823169785942618
pair_coeff 11 21 wf/cut 0.019228 6.496393035701747 1 2 19.48917910710524
pair_coeff 11 22 wf/cut 0.039181 5.584501642231329 1 2 16.753504926693985
pair_coeff 11 23 wf/cut 0.014557 6.60658239133453 1 2 19.819747174003588
pair_coeff 11 24 wf/cut 0.016204 6.210508609486856 1 2 18.631525828460568
pair_coeff 11 25 wf/cut 0.111774 6.647740379710509 1 2 19.943221139131527
pair_coeff 11 26 wf/cut 0.022804 5.890170182090268 1 2 17.670510546270805
pair_coeff 11 27 wf/cut 0.042909 6.151889183567281 1 2 18.455667550701843
pair_coeff 11 28 wf/cut 0.045937 6.3282208238107795 1 2 18.984662471432337
pair_coeff 11 29 wf/cut 0.152275 6.5927216895129135 1 2 19.77816506853874
pair_coeff 11 30 wf/cut 0.007874 6.397951767513159 1 2 19.193855302539475
pair_coeff 11 31 wf/cut 0.009366 6.548412328573101 1 2 19.645236985719304
pair_coeff 11 32 wf/cut 0.075415 6.370842118401069 1 2 19.112526355203208
pair_coeff 11 33 wf/cut 0.197999 6.75777413374384 1 2 20.27332240123152
pair_coeff 11 34 wf/cut 0.142635 6.541054552668633 1 2 19.623163658005897
pair_coeff 11 35 wf/cut 0.026934 5.956563720651988 1 2 17.869691161955963
pair_coeff 11 36 wf/cut 0.134101 6.395473237725452 1 2 19.186419713176356
pair_coeff 11 37 wf/cut 0.073215 6.193703302501737 1 2 18.58110990750521
pair_coeff 11 38 wf/cut 0.032992 6.148785435376327 1 2 18.446356306128983
pair_coeff 11 39 wf/cut 0.029687 6.110345071454451 1 2 18.331035214363354
pair_coeff 11 40 wf/cut 0.005696 6.607723261980873 1 2 19.823169785942618
pair_coeff 12 12 wf/cut 0.200448 6.277850874229409 1 2 18.833552622688227
pair_coeff 12 13 wf/cut 0.375372 6.671405311072043 1 2 20.01421593321613
pair_coeff 12 14 wf/cut 0.296045 6.4532756440329795 1 2 19.35982693209894
pair_coeff 12 15 wf/cut 0.131024 5.84255485528308 1 2 17.52766456584924
pair_coeff 12 16 wf/cut 0.283933 6.307431677259977 1 2 18.92229503177993
pair_coeff 12 17 wf/cut 0.197148 6.100591694847331 1 2 18.301775084541994
pair_coeff 12 18 wf/cut 0.139562 6.040345112977554 1 2 18.12103533893266
pair_coeff 12 19 wf/cut 0.134879 5.998852825433778 1 2 17.99655847630133
pair_coeff 12 20 wf/cut 0.100421 6.367152767929573 1 2 19.101458303788718
pair_coeff 12 21 wf/cut 0.113953 6.365699666568734 1 2 19.0970989997062
pair_coeff 12 22 wf/cut 0.133906 5.487109605448974 1 2 16.46132881634692
pair_coeff 12 23 wf/cut 0.109282 6.460110665288058 1 2 19.380331995864175
pair_coeff 12 24 wf/cut 0.110929 6.07371622854753 1 2 18.22114868564259
pair_coeff 12 25 wf/cut 0.206499 6.559327404195954 1 2 19.67798221258786
pair_coeff 12 26 wf/cut 0.117529 5.770434344200525 1 2 17.311303032601575
pair_coeff 12 27 wf/cut 0.137634 6.050878049577443 1 2 18.15263414873233
pair_coeff 12 28 wf/cut 0.140662 6.22811906216779 1 2 18.68435718650337
pair_coeff 12 29 wf/cut 0.247000 6.506235094735004 1 2 19.518705284205012
pair_coeff 12 30 wf/cut 0.102599 6.199847722340906 1 2 18.59954316702272
pair_coeff 12 31 wf/cut 0.104091 6.366663725733202 1 2 19.099991177199605
pair_coeff 12 32 wf/cut 0.170140 6.278875223812024 1 2 18.836625671436074
pair_coeff 12 33 wf/cut 0.292724 6.6723319742793255 1 2 20.016995922837978
pair_coeff 12 34 wf/cut 0.237360 6.454265231889239 1 2 19.362795695667717
pair_coeff 12 35 wf/cut 0.121659 5.8431832590102974 1 2 17.529549777030894
pair_coeff 12 36 wf/cut 0.228826 6.308421039847022 1 2 18.925263119541064
pair_coeff 12 37 wf/cut 0.167940 6.10158175427316 1 2 18.30474526281948
pair_coeff 12 38 wf/cut 0.127717 6.041063379946771 1 2 18.123190139840315
pair_coeff 12 39 wf/cut 0.124412 5.999536872422517 1 2 17.998610617267552
pair_coeff 12 40 wf/cut 0.100421 6.367152767929573 1 2 19.101458303788718
pair_coeff 13 13 wf/cut 0.550297 7.066547961746265 1 2 21.199643885238793
pair_coeff 13 14 wf/cut 0.470970 6.84798437757724 1 2 20.54395313273172
pair_coeff 13 15 wf/cut 0.305948 6.234139720557474 1 2 18.702419161672424
pair_coeff 13 16 wf/cut 0.458857 6.702091518082294 1 2 20.10627455424688
pair_coeff 13 17 wf/cut 0.372073 6.494164476750084 1 2 19.48249343025025
pair_coeff 13 18 wf/cut 0.314487 6.432174788842087 1 2 19.29652436652626
pair_coeff 13 19 wf/cut 0.309804 6.390531854157171 1 2 19.171595562471513
pair_coeff 13 20 wf/cut 0.275346 6.756032732095156 1 2 20.268098196285468
pair_coeff 13 21 wf/cut 0.288877 6.755817014102551 1 2 20.267451042307652
pair_coeff 13 22 wf/cut 0.308830 5.879425000161095 1 2 17.638275000483283
pair_coeff 13 23 wf/cut 0.284207 6.8497445004881925 1 2 20.549233501464578
pair_coeff 13 24 wf/cut 0.285853 6.4638463520895115 1 2 19.391539056268535
pair_coeff 13 25 wf/cut 0.381424 6.952910842994874 1 2 20.85873252898462
pair_coeff 13 26 wf/cut 0.292454 6.1613130283141055 1 2 18.483939084942318
pair_coeff 13 27 wf/cut 0.312558 6.442631932062835 1 2 19.327895796188507
pair_coeff 13 28 wf/cut 0.315587 6.619890395721167 1 2 19.8596711871635
pair_coeff 13 29 wf/cut 0.421925 6.900441239237516 1 2 20.701323717712548
pair_coeff 13 30 wf/cut 0.277524 6.589134834507833 1 2 19.7674045035235
pair_coeff 13 31 wf/cut 0.279016 6.755970194682537 1 2 20.267910584047613
pair_coeff 13 32 wf/cut 0.345065 6.671688068448729 1 2 20.015064205346185
pair_coeff 13 33 wf/cut 0.467649 7.066966231238362 1 2 21.200898693715086
pair_coeff 13 34 wf/cut 0.412285 6.848368288265007 1 2 20.54510486479502
pair_coeff 13 35 wf/cut 0.296584 6.23425905911194 1 2 18.70277717733582
pair_coeff 13 36 wf/cut 0.403751 6.702459807412386 1 2 20.10737942223716
pair_coeff 13 37 wf/cut 0.342865 6.494438889291505 1 2 19.483316667874515
pair_coeff 13 38 wf/cut 0.302642 6.4323262444775215 1 2 19.296978733432564
pair_coeff 13 39 wf/cut 0.299337 6.3906653903753785 1 2 19.171996171126136
pair_coeff 13 40 wf/cut 0.275346 6.756032732095156 1 2 20.268098196285468
pair_coeff 14 14 wf/cut 0.391642 6.629549396410893 1 2 19.88864818923268
pair_coeff 14 15 wf/cut 0.226621 6.016400811210637 1 2 18.049202433631912
pair_coeff 14 16 wf/cut 0.379530 6.483674128071082 1 2 19.451022384213246
pair_coeff 14 17 wf/cut 0.292745 6.276026354822916 1 2 18.828079064468746
pair_coeff 14 18 wf/cut 0.235159 6.2144055979415755 1 2 18.643216793824728
pair_coeff 14 19 wf/cut 0.230476 6.172787382997035 1 2 18.518362148991105
pair_coeff 14 20 wf/cut 0.196018 6.538787910119839 1 2 19.616363730359517
pair_coeff 14 21 wf/cut 0.209550 6.538369107168012 1 2 19.615107321504034
pair_coeff 14 22 wf/cut 0.229503 5.661533193978743 1 2 16.98459958193623
pair_coeff 14 23 wf/cut 0.204879 6.632390006238709 1 2 19.89717001871613
pair_coeff 14 24 wf/cut 0.206526 6.246381672050424 1 2 18.73914501615127
pair_coeff 14 25 wf/cut 0.302096 6.734778137463742 1 2 20.204334412391226
pair_coeff 14 26 wf/cut 0.213126 5.94370434405314 1 2 17.831113032159422
pair_coeff 14 27 wf/cut 0.233231 6.2248725061501835 1 2 18.67461751845055
pair_coeff 14 28 wf/cut 0.236259 6.402145618033878 1 2 19.206436854101636
pair_coeff 14 29 wf/cut 0.342598 6.6821466956694 1 2 20.0464400870082
pair_coeff 14 30 wf/cut 0.198196 6.3718164337361864 1 2 19.11544930120856
pair_coeff 14 31 wf/cut 0.199688 6.538652708676239 1 2 19.61595812602872
pair_coeff 14 32 wf/cut 0.265737 6.453725824442914 1 2 19.361177473328745
pair_coeff 14 33 wf/cut 0.388321 6.848555261309869 1 2 20.545665783929607
pair_coeff 14 34 wf/cut 0.332957 6.630097176272377 1 2 19.89029152881713
pair_coeff 14 35 wf/cut 0.217256 6.0166118728379825 1 2 18.049835618513946
pair_coeff 14 36 wf/cut 0.324423 6.484210545760694 1 2 19.45263163728208
pair_coeff 14 37 wf/cut 0.263537 6.276464594313065 1 2 18.829393782939196
pair_coeff 14 38 wf/cut 0.223314 6.2146578822218475 1 2 18.643973646665543
pair_coeff 14 39 wf/cut 0.220009 6.173021960210248 1 2 18.51906588063074
pair_coeff 14 40 wf/cut 0.196018 6.538787910119839 1 2 19.616363730359517
pair_coeff 15 15 wf/cut 0.061600 5.412669704115792 1 2 16.238009112347374
pair_coeff 15 16 wf/cut 0.214509 5.870633388669294 1 2 17.61190016600788
pair_coeff 15 17 wf/cut 0.127724 5.665328065098679 1 2 16.99598419529604
pair_coeff 15 18 wf/cut 0.070138 5.60931576883087 1 2 16.82794730649261
pair_coeff 15 19 wf/cut 0.065455 5.568478936337624 1 2 16.705436809012873
pair_coeff 15 20 wf/cut 0.030997 5.95253426830798 1 2 17.857602804923943
pair_coeff 15 21 wf/cut 0.044529 5.941730116730399 1 2 17.8251903501912
pair_coeff 15 22 wf/cut 0.064482 5.055066526249052 1 2 15.165199578747156
pair_coeff 15 23 wf/cut 0.039858 6.0388189375203165 1 2 18.116456812560948
pair_coeff 15 24 wf/cut 0.041505 5.650569731939204 1 2 16.951709195817614
pair_coeff 15 25 wf/cut 0.137075 6.123955851741878 1 2 18.371867555225634
pair_coeff 15 26 wf/cut 0.048105 5.343933138992498 1 2 16.031799416977496
pair_coeff 15 27 wf/cut 0.068210 5.620115241697351 1 2 16.860345725092053
pair_coeff 15 28 wf/cut 0.071238 5.79714638380999 1 2 17.39143915142997
pair_coeff 15 29 wf/cut 0.177576 6.069943102760143 1 2 18.20982930828043
pair_coeff 15 30 wf/cut 0.033175 5.7826589372196375 1 2 17.347976811658913
pair_coeff 15 31 wf/cut 0.034667 5.948302390882524 1 2 17.84490717264757
pair_coeff 15 32 wf/cut 0.100716 5.845003436795657 1 2 17.53501031038697
pair_coeff 15 33 wf/cut 0.223300 6.235536027214636 1 2 18.706608081643907
pair_coeff 15 34 wf/cut 0.167936 6.018117533790267 1 2 18.054352601370802
pair_coeff 15 35 wf/cut 0.052235 5.415473890209146 1 2 16.246421670627438
pair_coeff 15 36 wf/cut 0.159402 5.872398100194439 1 2 17.617194300583318
pair_coeff 15 37 wf/cut 0.098516 5.667732143982081 1 2 17.003196431946243
pair_coeff 15 38 wf/cut 0.058293 5.612162941341123 1 2 16.83648882402337
pair_coeff 15 39 wf/cut 0.054988 5.571364187563539 1 2 16.714092562690617
pair_coeff 15 40 wf/cut 0.030997 5.95253426830798 1 2 17.857602804923943
pair_coeff 16 16 wf/cut 0.027216 6.337782403912046 1 2 19.01334721173614
pair_coeff 16 17 wf/cut 0.280633 6.130180422228775 1 2 18.390541266686323
pair_coeff 16 18 wf/cut 0.223047 6.068649252074198 1 2 18.205947756222592
pair_coeff 16 19 wf/cut 0.218364 6.027019005823624 1 2 18.081057017470872
pair_coeff 16 20 wf/cut 0.183906 6.393147480752069 1 2 19.179442442256207
pair_coeff 16 21 wf/cut 0.197438 6.392683938124808 1 2 19.178051814374424
pair_coeff 16 22 wf/cut 0.217391 5.515750877499212 1 2 16.547252632497635
pair_coeff 16 23 wf/cut 0.192767 6.486724075272986 1 2 19.46017222581896
pair_coeff 16 24 wf/cut 0.194414 6.100672500483568 1 2 18.302017501450702
pair_coeff 16 25 wf/cut 0.289984 6.588935233441612 1 2 19.766805700324838
pair_coeff 16 26 wf/cut 0.201014 5.79796325726322 1 2 17.39388977178966
pair_coeff 16 27 wf/cut 0.221118 6.0791010484529915 1 2 18.237303145358975
pair_coeff 16 28 wf/cut 0.224147 6.256376087421608 1 2 18.769128262264825
pair_coeff 16 29 wf/cut 0.330485 6.536274979404401 1 2 19.608824938213203
pair_coeff 16 30 wf/cut 0.186084 6.226140636452508 1 2 18.678421909357525
pair_coeff 16 31 wf/cut 0.187576 6.392997387325535 1 2 19.178992161976602
pair_coeff 16 32 wf/cut 0.253625 6.307912958718467 1 2 18.9237388761554
pair_coeff 16 33 wf/cut 0.376209 6.702684222295407 1 2 20.10805266688622
pair_coeff 16 34 wf/cut 0.320845 6.484248553549719 1 2 19.452745660649157
pair_coeff 16 35 wf/cut 0.205144 5.870864049052838 1 2 17.612592147158516
pair_coeff 16 36 wf/cut 0.023134 6.338345846056568 1 2 19.015037538169704
pair_coeff 16 37 wf/cut 0.251425 6.130649043241044 1 2 18.391947129723132
pair_coeff 16 38 wf/cut 0.211202 6.0689241564117395 1 2 18.20677246923522
pair_coeff 16 39 wf/cut 0.207897 6.027275074473145 1 2 18.081825223419436
pair_coeff 16 40 wf/cut 0.183906 6.393147480752069 1 2 19.179442442256207
pair_coeff 17 17 wf/cut 0.193849 5.9233491242788805 1 2 17.770047372836643
pair_coeff 17 18 wf/cut 0.136263 5.8630821184928195 1 2 17.58924635547846
pair_coeff 17 19 wf/cut 0.131580 5.821644218417775 1 2 17.464932655253325
pair_coeff 17 20 wf/cut 0.097122 6.1899864646586105 1 2 18.569959393975832
pair_coeff 17 21 wf/cut 0.110653 6.188546099325202 1 2 18.565638297975607
pair_coeff 17 22 wf/cut 0.130606 5.30983190747035 1 2 15.929495722411051
pair_coeff 17 23 wf/cut 0.105983 6.282921319282791 1 2 18.848763957848373
pair_coeff 17 24 wf/cut 0.107629 5.896489952968157 1 2 17.68946985890447
pair_coeff 17 25 wf/cut 0.203200 6.382089400238762 1 2 19.146268200716285
pair_coeff 17 26 wf/cut 0.114230 5.59320394576633 1 2 16.77961183729899
pair_coeff 17 27 wf/cut 0.134334 5.873649240456693 1 2 17.62094772137008
pair_coeff 17 28 wf/cut 0.137363 6.050910374214647 1 2 18.152731122643942
pair_coeff 17 29 wf/cut 0.243701 6.328963417719822 1 2 18.986890253159466
pair_coeff 17 30 wf/cut 0.099300 6.022666584916778 1 2 18.067999754750335
pair_coeff 17 31 wf/cut 0.100792 6.189544117007458 1 2 18.568632351022373
pair_coeff 17 32 wf/cut 0.166841 6.101625831837799 1 2 18.304877495513395
pair_coeff 17 33 wf/cut 0.289424 6.495083547619462 1 2 19.485250642858386
pair_coeff 17 34 wf/cut 0.234061 6.277022750655092 1 2 18.831068251965277
pair_coeff 17 35 wf/cut 0.118359 5.665971807159278 1 2 16.997915421477835
pair_coeff 17 36 wf/cut 0.225527 6.131165252735328 1 2 18.393495758205983
pair_coeff 17 37 wf/cut 0.164641 5.924348407080925 1 2 17.773045221242775
pair_coeff 17 38 wf/cut 0.124417 5.863848431499796 1 2 17.591545294499387
pair_coeff 17 39 wf/cut 0.121113 5.822344488616284 1 2 17.46703346584885
pair_coeff 17 40 wf/cut 0.097122 6.1899864646586105 1 2 18.569959393975832
pair_coeff 18 18 wf/cut 0.078677 5.806155150598376 1 2 17.41846545179513
pair_coeff 18 19 wf/cut 0.073994 5.765149033334852 1 2 17.29544710000456
pair_coeff 18 20 wf/cut 0.039536 6.143860896897243 1 2 18.431582690691727
pair_coeff 18 21 wf/cut 0.053067 6.136530836242518 1 2 18.409592508727556
pair_coeff 18 22 wf/cut 0.073020 5.2521394224496145 1 2 15.756418267348844
pair_coeff 18 23 wf/cut 0.048396 6.232722071931244 1 2 18.698166215793734
pair_coeff 18 24 wf/cut 0.050043 5.845049472828402 1 2 17.535148418485207
pair_coeff 18 25 wf/cut 0.145613 6.3217567788528175 1 2 18.965270336558454
pair_coeff 18 26 wf/cut 0.056644 5.539473279208256 1 2 16.618419837624767
pair_coeff 18 27 wf/cut 0.076748 5.816985496228361 1 2 17.450956488685083
pair_coeff 18 28 wf/cut 0.079776 5.993977654615634 1 2 17.9819329638469
pair_coeff 18 29 wf/cut 0.186115 6.267859616819192 1 2 18.803578850457576
pair_coeff 18 30 wf/cut 0.041714 5.974983307333975 1 2 17.924949922001925
pair_coeff 18 31 wf/cut 0.043205 6.1411099770057245 1 2 18.42332993101717
pair_coeff 18 32 wf/cut 0.109254 6.042493928204347 1 2 18.12748178461304
pair_coeff 18 33 wf/cut 0.231838 6.433519247230287 1 2 19.300557741690863
pair_coeff 18 34 wf/cut 0.176474 6.216033392034327 1 2 18.648100176102982
pair_coeff 18 35 wf/cut 0.060773 5.611389850569513 1 2 16.834169551708538
pair_coeff 18 36 wf/cut 0.167940 6.070294170144763 1 2 18.21088251043429
pair_coeff 18 37 wf/cut 0.107055 5.865217375098184 1 2 17.595652125294553
pair_coeff 18 38 wf/cut 0.066831 5.808437279092397 1 2 17.425311837277192
pair_coeff 18 39 wf/cut 0.063527 5.767428643819603 1 2 17.302285931458808
pair_coeff 18 40 wf/cut 0.039536 6.143860896897243 1 2 18.431582690691727
pair_coeff 19 19 wf/cut 0.069311 5.724362787504792 1 2 17.173088362514378
pair_coeff 19 20 wf/cut 0.034853 6.10586575299424 1 2 18.31759725898272
pair_coeff 19 21 wf/cut 0.048384 6.0967512192398505 1 2 18.290253657719553
pair_coeff 19 22 wf/cut 0.068337 5.211108138159037 1 2 15.633324414477112
pair_coeff 19 23 wf/cut 0.043714 6.1934329156331 1 2 18.5802987468993
pair_coeff 19 24 wf/cut 0.045360 5.805442925019495 1 2 17.416328775058485
pair_coeff 19 25 wf/cut 0.140930 6.280274061428144 1 2 18.84082218428443
pair_coeff 19 26 wf/cut 0.051961 5.499319146540279 1 2 16.497957439620837
pair_coeff 19 27 wf/cut 0.072065 5.776024303801226 1 2 17.328072911403677
pair_coeff 19 28 wf/cut 0.075093 5.953096206763187 1 2 17.85928862028956
pair_coeff 19 29 wf/cut 0.181432 6.226290621468162 1 2 18.678871864404485
pair_coeff 19 30 wf/cut 0.037031 5.936496588820257 1 2 17.80948976646077
pair_coeff 19 31 wf/cut 0.038522 6.10236911417194 1 2 18.30710734251582
pair_coeff 19 32 wf/cut 0.104571 6.001202451726246 1 2 18.003607355178737
pair_coeff 19 33 wf/cut 0.227155 6.391918936768799 1 2 19.175756810306396
pair_coeff 19 34 wf/cut 0.171791 6.174477574070478 1 2 18.52343272221143
pair_coeff 19 35 wf/cut 0.056090 5.571011278043507 1 2 16.71303383413052
pair_coeff 19 36 wf/cut 0.163258 6.028753613252821 1 2 18.086260839758463
pair_coeff 19 37 wf/cut 0.102372 5.823949131867462 1 2 17.471847395602385
pair_coeff 19 38 wf/cut 0.062148 5.767856883865312 1 2 17.303570651595933
pair_coeff 19 39 wf/cut 0.058844 5.726983480603789 1 2 17.18095044181137
pair_coeff 19 40 wf/cut 0.034853 6.10586575299424 1 2 18.31759725898272
pair_coeff 20 21 wf/cut 0.013926 6.5199210046589675 1 2 19.5597630139769
pair_coeff 20 22 wf/cut 0.033879 5.587459907599181 1 2 16.76237972279754
pair_coeff 20 23 wf/cut 0.009256 6.649574443493311 1 2 19.948723330479933
pair_coeff 20 24 wf/cut 0.010902 6.242374503621665 1 2 18.727123510864995
pair_coeff 20 25 wf/cut 0.106472 6.648355967009086 1 2 19.945067901027258
pair_coeff 20 26 wf/cut 0.017503 5.903567074401621 1 2 17.71070122320486
pair_coeff 20 27 wf/cut 0.037607 6.155943831058615 1 2 18.467831493175847
pair_coeff 20 28 wf/cut 0.040635 6.331503643570952 1 2 18.994510930712856
pair_coeff 20 29 wf/cut 0.146974 6.593018960515583 1 2 19.77905688154675
pair_coeff 20 32 wf/cut 0.070113 6.372029116976672 1 2 19.116087350930016
pair_coeff 20 33 wf/cut 0.192697 6.757970683221281 1 2 20.273912049663842
pair_coeff 20 34 wf/cut 0.137333 6.5414250271565235 1 2 19.62427508146957
pair_coeff 20 35 wf/cut 0.021632 5.967018638311549 1 2 17.901055914934645
pair_coeff 20 36 wf/cut 0.128800 6.395882535691026 1 2 19.187647607073078
pair_coeff 20 37 wf/cut 0.067914 6.194931490620908 1 2 18.584794471862722
pair_coeff 20 38 wf/cut 0.027690 6.155796177211015 1 2 18.467388531633045
pair_coeff 20 39 wf/cut 0.024386 6.119051758363574 1 2 18.357155275090722
pair_coeff 21 21 wf/cut 0.027458 6.480069420606985 1 2 19.440208261820956
pair_coeff 21 22 wf/cut 0.047411 5.581642130693901 1 2 16.7449263920817
pair_coeff 21 23 wf/cut 0.022787 6.583002517343036 1 2 19.74900755202911
pair_coeff 21 24 wf/cut 0.024433 6.191552500203247 1 2 18.574657500609742
pair_coeff 21 25 wf/cut 0.120004 6.646999738911693 1 2 19.94099921673508
pair_coeff 21 26 wf/cut 0.031034 5.878598106878971 1 2 17.63579432063691
pair_coeff 21 27 wf/cut 0.051138 6.1478586796466335 1 2 18.443576038939902
pair_coeff 21 28 wf/cut 0.054167 6.324516380690015 1 2 18.973549142070045
pair_coeff 21 29 wf/cut 0.160505 6.592313711480712 1 2 19.776941134442136
pair_coeff 21 30 wf/cut 0.016104 6.340969704607503 1 2 19.02290911382251
pair_coeff 21 31 wf/cut 0.017596 6.5013402123206046 1 2 19.504020636961812
pair_coeff 21 32 wf/cut 0.083645 6.369348945541728 1 2 19.108046836625185
pair_coeff 21 33 wf/cut 0.206229 6.757540572332879 1 2 20.27262171699864
pair_coeff 21 34 wf/cut 0.150865 6.540596793679068 1 2 19.621790381037204
pair_coeff 21 35 wf/cut 0.035164 5.947844531230358 1 2 17.843533593691074
pair_coeff 21 36 wf/cut 0.142331 6.39500222582037 1 2 19.18500667746111
pair_coeff 21 37 wf/cut 0.081445 6.192166186380409 1 2 18.57649855914123
pair_coeff 21 38 wf/cut 0.041222 6.142414836822247 1 2 18.42724451046674
pair_coeff 21 39 wf/cut 0.037917 6.102763659737872 1 2 18.308290979213616
pair_coeff 21 40 wf/cut 0.013926 6.5199210046589675 1 2 19.5597630139769
pair_coeff 22 22 wf/cut 0.067364 4.698227190160832 1 2 14.094681570482496
pair_coeff 22 23 wf/cut 0.042740 5.6772849911904 1 2 17.0318549735712
pair_coeff 22 24 wf/cut 0.044387 5.289807269665101 1 2 15.869421808995302
pair_coeff 22 25 wf/cut 0.139957 5.768554114508845 1 2 17.305662343526535
pair_coeff 22 26 wf/cut 0.050987 4.984686027270456 1 2 14.954058081811368
pair_coeff 22 27 wf/cut 0.071091 5.262912382415455 1 2 15.788737147246366
pair_coeff 22 28 wf/cut 0.074120 5.439975772862831 1 2 16.319927318588494
pair_coeff 22 29 wf/cut 0.180458 5.714850862757114 1 2 17.144552588271342
pair_coeff 22 30 wf/cut 0.036057 5.418902704026212 1 2 16.256708112078634
pair_coeff 22 31 wf/cut 0.037549 5.585489758070483 1 2 16.756469274211447
pair_coeff 22 32 wf/cut 0.103598 5.489037080971375 1 2 16.467111242914125
pair_coeff 22 33 wf/cut 0.226182 5.8806376350894025 1 2 17.641912905268207
pair_coeff 22 34 wf/cut 0.170818 5.662987686021554 1 2 16.988963058064662
pair_coeff 22 35 wf/cut 0.055117 5.056931123036382 1 2 15.170793369109145
pair_coeff 22 36 wf/cut 0.162284 5.517215784587296 1 2 16.551647353761886
pair_coeff 22 37 wf/cut 0.101398 5.311696859115723 1 2 15.935090577347168
pair_coeff 22 38 wf/cut 0.061175 5.254183030641423 1 2 15.762549091924269
pair_coeff 22 39 wf/cut 0.057870 5.213062357159386 1 2 15.639187071478158
pair_coeff 22 40 wf/cut 0.033879 5.587459907599181 1 2 16.76237972279754
pair_coeff 23 23 wf/cut 0.013420 6.688853536606121 1 2 20.066560609818364
pair_coeff 23 24 wf/cut 0.019763 6.29527868599085 1 2 18.885836057972547
pair_coeff 23 25 wf/cut 0.085206 6.741392723436803 1 2 20.22417817031041
pair_coeff 23 26 wf/cut 0.026364 5.978305270632397 1 2 17.93491581189719
pair_coeff 23 27 wf/cut 0.000342 6.244253298502354 1 2 18.732759895507062
pair_coeff 23 28 wf/cut 0.000366 6.4204818546224995 1 2 19.261445563867497
pair_coeff 23 29 wf/cut 0.071890 6.686432938070228 1 2 20.059298814210685
pair_coeff 23 30 wf/cut 0.011434 6.460111302128625 1 2 19.380333906385875
pair_coeff 23 31 wf/cut 0.012925 6.617996254538358 1 2 19.853988763615074
pair_coeff 23 32 wf/cut 0.078974 6.4641118645001 1 2 19.3923355935003
pair_coeff 23 33 wf/cut 0.073358 6.85155566549562 1 2 20.55466699648686
pair_coeff 23 34 wf/cut 0.080693 6.634779187210656 1 2 19.90433756163197
pair_coeff 23 35 wf/cut 0.030493 6.046847416569171 1 2 18.14054224970751
pair_coeff 23 36 wf/cut 0.061166 6.489185414364156 1 2 19.467556243092467
pair_coeff 23 37 wf/cut 0.076775 6.2869559403051 1 2 18.860867820915303
pair_coeff 23 38 wf/cut 0.036551 6.240136548485556 1 2 18.72040964545667
pair_coeff 23 39 wf/cut 0.033247 6.2011686854634664 1 2 18.6035060563904
pair_coeff 23 40 wf/cut 0.009256 6.649574443493311 1 2 19.948723330479933
pair_coeff 24 24 wf/cut 0.021409 5.902825373061459 1 2 17.708476119184375
pair_coeff 24 25 wf/cut 0.116980 6.355020618222843 1 2 19.065061854668528
pair_coeff 24 26 wf/cut 0.028010 5.588184701124206 1 2 16.764554103372618
pair_coeff 24 27 wf/cut 0.048114 5.856453272809193 1 2 17.56935981842758
pair_coeff 24 28 wf/cut 0.051143 6.03282984385001 1 2 18.09848953155003
pair_coeff 24 29 wf/cut 0.157481 6.300272873273843 1 2 18.90081861982153
pair_coeff 24 30 wf/cut 0.013080 6.05885560137348 1 2 18.17656680412044
pair_coeff 24 31 wf/cut 0.014572 6.219293562690735 1 2 18.657880688072204
pair_coeff 24 32 wf/cut 0.080621 6.077365593674358 1 2 18.232096781023074
pair_coeff 24 33 wf/cut 0.203205 6.465539023765016 1 2 19.396617071295047
pair_coeff 24 34 wf/cut 0.147841 6.248599086448351 1 2 18.745797259345053
pair_coeff 24 35 wf/cut 0.032140 5.6574738585901345 1 2 16.972421575770404
pair_coeff 24 36 wf/cut 0.139307 6.102951668547555 1 2 18.308855005642666
pair_coeff 24 37 wf/cut 0.078421 5.900160965208208 1 2 17.700482895624624
pair_coeff 24 38 wf/cut 0.038198 5.85153222065546 1 2 17.55459666196638
pair_coeff 24 39 wf/cut 0.034893 5.812153931855011 1 2 17.436461795565034
pair_coeff 24 40 wf/cut 0.010902 6.242374503621665 1 2 18.727123510864995
pair_coeff 25 25 wf/cut 0.062978 6.840818860381698 1 2 20.522456581145093
pair_coeff 25 26 wf/cut 0.123581 6.051811079871612 1 2 18.155433239614837
pair_coeff 25 27 wf/cut 0.001064 6.332285213812248 1 2 18.996855641436742
pair_coeff 25 28 wf/cut 0.001085 6.509542326637676 1 2 19.528626979913028
pair_coeff 25 29 wf/cut 0.425474 6.7877218996841355 1 2 20.363165699052406
pair_coeff 25 30 wf/cut 0.108651 6.481102402445426 1 2 19.44330720733628
pair_coeff 25 31 wf/cut 0.110142 6.647901648052044 1 2 19.94370494415613
pair_coeff 25 32 wf/cut 0.176191 6.560327886240045 1 2 19.680983658720134
pair_coeff 25 33 wf/cut 0.484160 6.953839371357665 1 2 20.861518114072993
pair_coeff 25 34 wf/cut 0.381459 6.735769622233203 1 2 20.20730886669961
pair_coeff 25 35 wf/cut 0.127710 6.1245540687340725 1 2 18.37366220620222
pair_coeff 25 36 wf/cut 0.086889 6.589926019306955 1 2 19.769778057920867
pair_coeff 25 37 wf/cut 0.173991 6.38305646617526 1 2 19.14916939852578
pair_coeff 25 38 wf/cut 0.133768 6.322442926130092 1 2 18.967328778390275
pair_coeff 25 39 wf/cut 0.130463 6.280926022691235 1 2 18.842778068073706
pair_coeff 25 40 wf/cut 0.106472 6.648355967009086 1 2 19.945067901027258
pair_coeff 26 26 wf/cut 0.034611 5.278051554722805 1 2 15.834154664168416
pair_coeff 26 27 wf/cut 0.054715 5.550632394717641 1 2 16.651897184152922
pair_coeff 26 28 wf/cut 0.057743 5.727313013729271 1 2 17.18193904118781
pair_coeff 26 29 wf/cut 0.164082 5.997401234701861 1 2 17.99220370410558
pair_coeff 26 30 wf/cut 0.019681 5.729200436106479 1 2 17.187601308319437
pair_coeff 26 31 wf/cut 0.021172 5.893502125092778 1 2 17.680506375278334
pair_coeff 26 32 wf/cut 0.087222 5.77355467816977 1 2 17.32066403450931
pair_coeff 26 33 wf/cut 0.209805 6.162846524069043 1 2 18.48853957220713
pair_coeff 26 34 wf/cut 0.154442 5.945670315140756 1 2 17.837010945422268
pair_coeff 26 35 wf/cut 0.038740 5.3486854588231765 1 2 16.04605637646953
pair_coeff 26 36 wf/cut 0.145908 5.799973083941243 1 2 17.39991925182373
pair_coeff 26 37 wf/cut 0.085022 5.596251927245512 1 2 16.788755781736537
pair_coeff 26 38 wf/cut 0.044798 5.544164768287125 1 2 16.632494304861375
pair_coeff 26 39 wf/cut 0.041494 5.504054682438701 1 2 16.512164047316105
pair_coeff 26 40 wf/cut 0.017503 5.903567074401621 1 2 17.71070122320486
pair_coeff 27 27 wf/cut 0.055422 5.8277356350076115 1 2 17.483206905022833
pair_coeff 27 28 wf/cut 0.057461 6.0048083393750415 1 2 18.014425018125124
pair_coeff 27 29 wf/cut 0.184186 6.278368151196274 1 2 18.83510445358882
pair_coeff 27 30 wf/cut 0.039785 5.986861716352022 1 2 17.960585149056065
pair_coeff 27 31 wf/cut 0.041277 6.152881477214971 1 2 18.458644431644913
pair_coeff 27 32 wf/cut 0.107326 6.053140955180234 1 2 18.159422865540705
pair_coeff 27 33 wf/cut 0.229910 6.444000765960297 1 2 19.33200229788089
pair_coeff 27 34 wf/cut 0.174546 6.226529663564308 1 2 18.679588990692924
pair_coeff 27 35 wf/cut 0.058845 5.622457081906772 1 2 16.867371245720314
pair_coeff 27 36 wf/cut 0.001228 6.080799532766481 1 2 18.242398598299445
pair_coeff 27 37 wf/cut 0.105126 5.875867449320084 1 2 17.627602347960252
pair_coeff 27 38 wf/cut 0.064903 5.819413545043322 1 2 17.458240635129968
pair_coeff 27 39 wf/cut 0.061598 5.778457730344957 1 2 17.335373191034872
pair_coeff 27 40 wf/cut 0.037607 6.155943831058615 1 2 18.467831493175847
pair_coeff 28 28 wf/cut 0.059908 6.1818125994432265 1 2 18.54543779832968
pair_coeff 28 29 wf/cut 0.187215 6.4556028384801145 1 2 19.366808515440344
pair_coeff 28 30 wf/cut 0.042814 6.162677260323304 1 2 18.488031780969912
pair_coeff 28 31 wf/cut 0.044305 6.329122536684595 1 2 18.987367610053788
pair_coeff 28 32 wf/cut 0.110354 6.230341958421634 1 2 18.691025875264902
pair_coeff 28 33 wf/cut 0.232938 6.621259842822526 1 2 19.863779528467578
pair_coeff 28 34 wf/cut 0.177574 6.403800703379438 1 2 19.211402110138312
pair_coeff 28 35 wf/cut 0.061873 5.7993639894571976 1 2 17.39809196837159
pair_coeff 28 36 wf/cut 0.001252 6.258048801889918 1 2 18.774146405669754
pair_coeff 28 37 wf/cut 0.108154 6.053088642675554 1 2 18.159265928026663
pair_coeff 28 38 wf/cut 0.067931 5.9963870692049515 1 2 17.989161207614856
pair_coeff 28 39 wf/cut 0.064626 5.955407688864699 1 2 17.866223066594095
pair_coeff 28 40 wf/cut 0.040635 6.331503643570952 1 2 18.994510930712856
pair_coeff 29 29 wf/cut 0.293553 6.734901221669089 1 2 20.204703665007266
pair_coeff 29 30 wf/cut 0.149152 6.425928662140226 1 2 19.277785986420678
pair_coeff 29 31 wf/cut 0.150644 6.592808608254519 1 2 19.77842582476356
pair_coeff 29 32 wf/cut 0.216693 6.5069139355650485 1 2 19.520741806695145
pair_coeff 29 33 wf/cut 0.339277 6.901174934210456 1 2 20.703524802631367
pair_coeff 29 34 wf/cut 0.283913 6.682893550119813 1 2 20.048680650359437
pair_coeff 29 35 wf/cut 0.168212 6.070294170144763 1 2 18.21088251043429
pair_coeff 29 36 wf/cut 0.275379 6.53700493974828 1 2 19.61101481924484
pair_coeff 29 37 wf/cut 0.214493 6.329613164394258 1 2 18.988839493182773
pair_coeff 29 38 wf/cut 0.174270 6.268290266697097 1 2 18.80487080009129
pair_coeff 29 39 wf/cut 0.170965 6.226677571408917 1 2 18.68003271422675
pair_coeff 29 40 wf/cut 0.146974 6.593018960515583 1 2 19.77905688154675
pair_coeff 30 31 wf/cut 0.006243 6.436867325811939 1 2 19.310601977435816
pair_coeff 30 32 wf/cut 0.072292 6.2043654791136875 1 2 18.613096437341063
pair_coeff 30 33 wf/cut 0.194875 6.590992227279316 1 2 19.77297668183795
pair_coeff 30 34 wf/cut 0.139512 6.374322689731052 1 2 19.122968069193156
pair_coeff 30 35 wf/cut 0.023810 5.794680761693587 1 2 17.38404228508076
pair_coeff 30 36 wf/cut 0.130978 6.228734363673756 1 2 18.68620309102127
pair_coeff 30 37 wf/cut 0.070092 6.027237821338098 1 2 18.081713464014296
pair_coeff 30 38 wf/cut 0.029868 5.985230649978958 1 2 17.955691949936874
pair_coeff 30 39 wf/cut 0.026564 5.947631895281645 1 2 17.842895685844933
pair_coeff 30 40 wf/cut 0.002573 6.745752996427961 1 4 20.237258989283884
pair_coeff 31 31 wf/cut 0.007734 6.567831037515117 1 2 19.703493112545353
pair_coeff 31 32 wf/cut 0.073783 6.371180012524027 1 2 19.11354003757208
pair_coeff 31 33 wf/cut 0.196367 6.757844212311977 1 2 20.273532636935933
pair_coeff 31 34 wf/cut 0.141003 6.541152469250684 1 2 19.623457407752053
pair_coeff 31 35 wf/cut 0.025302 5.958948966149641 1 2 17.87684689844892
pair_coeff 31 36 wf/cut 0.132469 6.395617784448214 1 2 19.18685335334464
pair_coeff 31 37 wf/cut 0.071583 6.194052355515639 1 2 18.58215706654692
pair_coeff 31 38 wf/cut 0.031360 6.150442231391871 1 2 18.451326694175613
pair_coeff 31 39 wf/cut 0.028055 6.1123674095484715 1 2 18.337102228645414
pair_coeff 31 40 wf/cut 0.004064 6.883184689300606 1 4 20.649554067901818
pair_coeff 32 32 wf/cut 0.139832 6.280338147956703 1 2 18.841014443870108
pair_coeff 32 33 wf/cut 0.262416 6.672807379130834 1 2 20.018422137392502
pair_coeff 32 34 wf/cut 0.207052 6.454996866244807 1 2 19.364990598734423
pair_coeff 32 35 wf/cut 0.091351 5.846082838683163 1 2 17.53824851604949
pair_coeff 32 36 wf/cut 0.198518 6.309181376440496 1 2 18.92754412932149
pair_coeff 32 37 wf/cut 0.137633 6.103047888395006 1 2 18.30914366518502
pair_coeff 32 38 wf/cut 0.097409 6.043739153604026 1 2 18.131217460812078
pair_coeff 32 39 wf/cut 0.094104 6.002359484884067 1 2 18.007078454652202
pair_coeff 32 40 wf/cut 0.070113 6.372029116976672 1 2 19.116087350930016
pair_coeff 33 33 wf/cut 0.385000 7.067563273437359 1 2 21.202689820312077
pair_coeff 33 34 wf/cut 0.329636 6.849136659067028 1 2 20.547409977201085
pair_coeff 33 35 wf/cut 0.213935 6.235761878631987 1 2 18.70728563589596
pair_coeff 33 36 wf/cut 0.321102 6.703247958074066 1 2 20.109743874222197
pair_coeff 33 37 wf/cut 0.260216 6.49554680247315 1 2 19.48664040741945
pair_coeff 33 38 wf/cut 0.219993 6.433800819712532 1 2 19.3014024591376
pair_coeff 33 39 wf/cut 0.216688 6.3921696304391835 1 2 19.17650889131755
pair_coeff 33 40 wf/cut 0.192697 6.757970683221281 1 2 20.273912049663842
pair_coeff 34 34 wf/cut 0.274272 6.630885251270346 1 2 19.892655753811038
pair_coeff 34 35 wf/cut 0.158571 6.018506537122348 1 2 18.055519611367043
pair_coeff 34 36 wf/cut 0.265738 6.485029527646095 1 2 19.455088582938284
pair_coeff 34 37 wf/cut 0.204852 6.27772691468288 1 2 18.83318074404864
pair_coeff 34 38 wf/cut 0.164629 6.216488307385695 1 2 18.649464922157083
pair_coeff 34 39 wf/cut 0.161324 6.17490549231641 1 2 18.52471647694923
pair_coeff 34 40 wf/cut 0.137333 6.5414250271565235 1 2 19.62427508146957
pair_coeff 35 35 wf/cut 0.042870 5.4194558891562785 1 2 16.258367667468836
pair_coeff 35 36 wf/cut 0.150037 5.8728226163551005 1 2 17.6184678490653
pair_coeff 35 37 wf/cut 0.089151 5.6688305293155095 1 2 17.006491587946527
pair_coeff 35 38 wf/cut 0.048928 5.615420402551611 1 2 16.846261207654834
pair_coeff 35 39 wf/cut 0.045623 5.575027083025114 1 2 16.725081249075345
pair_coeff 35 40 wf/cut 0.021632 5.967018638311549 1 2 17.901055914934645
pair_coeff 36 36 wf/cut 0.019052 6.339149093005715 1 2 19.017447279017144
pair_coeff 36 37 wf/cut 0.196319 6.131909094415353 1 2 18.39572728324606
pair_coeff 36 38 wf/cut 0.156095 6.07081046198845 1 2 18.21243138596535
pair_coeff 36 39 wf/cut 0.152791 6.029219810679759 1 2 18.087659432039278
pair_coeff 36 40 wf/cut 0.128800 6.395882535691026 1 2 19.187647607073078
pair_coeff 37 37 wf/cut 0.135433 5.925773208988131 1 2 17.777319626964392
pair_coeff 37 38 wf/cut 0.095209 5.866481553533799 1 2 17.599444660601396
pair_coeff 37 39 wf/cut 0.091905 5.82512551794993 1 2 17.47537655384979
pair_coeff 37 40 wf/cut 0.067914 6.194931490620908 1 2 18.584794471862722
pair_coeff 38 38 wf/cut 0.054986 5.811826808320624 1 2 17.43548042496187
pair_coeff 38 39 wf/cut 0.051681 5.771184604473262 1 2 17.313553813419787
pair_coeff 38 40 wf/cut 0.027690 6.155796177211015 1 2 18.467388531633045
pair_coeff 39 39 wf/cut 0.048377 5.730699270006254 1 2 17.192097810018762
pair_coeff 39 40 wf/cut 0.024386 6.119051758363574 1 2 18.357155275090722
pair_coeff 40 40 wf/cut 0.000395 6.921680089176746 1 11 20.76504026753024
pair_coeff 20 40 wf/cut 0.000395 6.921680089176746 1 11 20.76504026753024
pair_coeff 20 20 wf/cut 0.000395 6.921680089176746 1 11 20.76504026753024
pair_coeff 10 20 wf/cut 0.002986 6.718011650959061 1 4 20.154034952877183
pair_coeff 10 40 wf/cut 0.002986 6.718011650959061 1 4 20.154034952877183
pair_coeff 20 30 wf/cut 0.002573 6.745752996427961 1 4 20.237258989283884
pair_coeff 20 31 wf/cut 0.004064 6.883184689300606 1 4 20.649554067901818
pair_coeff 3 3 coul/debye 35.
pair_coeff 3 5 coul/debye 35.
pair_coeff 3 7 coul/debye 35.
pair_coeff 3 8 coul/debye 35.
pair_coeff 3 16 coul/debye 35.
pair_coeff 3 23 coul/debye 35.
pair_coeff 3 25 coul/debye 35.
pair_coeff 3 36 coul/debye 35.
pair_coeff 5 5 coul/debye 35.
pair_coeff 5 7 coul/debye 35.
pair_coeff 5 8 coul/debye 35.
pair_coeff 5 16 coul/debye 35.
pair_coeff 5 23 coul/debye 35.
pair_coeff 5 25 coul/debye 35.
pair_coeff 5 27 coul/debye 35.
pair_coeff 5 28 coul/debye 35.
pair_coeff 5 36 coul/debye 35.
pair_coeff 7 7 coul/debye 35.
pair_coeff 7 8 coul/debye 35.
pair_coeff 7 16 coul/debye 35.
pair_coeff 7 23 coul/debye 35.
pair_coeff 7 25 coul/debye 35.
pair_coeff 7 27 coul/debye 35.
pair_coeff 7 28 coul/debye 35.
pair_coeff 7 36 coul/debye 35.
pair_coeff 8 8 coul/debye 35.
pair_coeff 8 16 coul/debye 35.
pair_coeff 8 23 coul/debye 35.
pair_coeff 8 25 coul/debye 35.
pair_coeff 8 27 coul/debye 35.
pair_coeff 8 28 coul/debye 35.
pair_coeff 8 36 coul/debye 35.
pair_coeff 16 16 coul/debye 35.
pair_coeff 16 23 coul/debye 35.
pair_coeff 16 25 coul/debye 35.
pair_coeff 16 27 coul/debye 35.
pair_coeff 16 28 coul/debye 35.
pair_coeff 16 36 coul/debye 35.
pair_coeff 23 23 coul/debye 35.
pair_coeff 23 25 coul/debye 35.
pair_coeff 23 36 coul/debye 35.
pair_coeff 25 25 coul/debye 35.
pair_coeff 25 27 coul/debye 35.
pair_coeff 25 28 coul/debye 35.
pair_coeff 25 36 coul/debye 35.
pair_coeff 27 27 coul/debye 35.
pair_coeff 27 28 coul/debye 35.
pair_coeff 27 36 coul/debye 35.
pair_coeff 28 28 coul/debye 35.
pair_coeff 28 36 coul/debye 35.
pair_coeff 36 36 coul/debye 35.
pair_coeff 3 27 coul/debye 35.
pair_coeff 3 28 coul/debye 35.
pair_coeff 23 27 coul/debye 35.
pair_coeff 23 28 coul/debye 35.
